example/example_data/dav_dem.txt
ncols         160
nrows         186
xllcorner     502310.48681151
yllcorner     6496008.1508163
cellsize      100
NODATA_value  -9999
[rows 82 to 122 of 186, columns 0 to 92 of 160]
0 0 0 0 0 0 0 0 0 0 3 4 14 25 37 70 87 108 118 138 148 184 199 244 260 299 327 358 392 417 420 435 449 495 513 568 603 643 674 742 763 780 755 739 723 705 735 760 841 861 873 871 798 711 663 649 666 675 711 728 785 801 832 837 809 723 685 596 574 571 592 628 665 671 662 687 680 665 661 655 657 700 753 788 841 882 914 1038 1077 1271 1302 1329 1331
0 0 0 0 0 0 0 0 0 0 0 0 2 9 19 60 81 108 127 138 144 173 184 223 241 294 323 352 388 426 425 440 454 508 528 573 608 641 674 737 764 785 793 797 781 758 763 783 845 855 833 825 769 700 655 640 648 653 683 696 746 762 796 799 767 685 635 536 519 529 556 596 627 631 606 612 601 602 600 597 605 663 692 737 772 855 893 1015 1057 1171 1198 1261 1312
0 0 0 0 0 0 0 0 0 0 0 0 3 4 8 48 76 112 142 148 146 162 171 205 224 292 326 351 382 425 429 443 460 521 537 583 628 649 680 740 768 791 837 869 849 817 794 807 846 844 801 782 728 680 646 634 629 634 660 671 706 719 754 752 711 636 583 489 482 506 539 574 588 582 560 560 549 556 548 560 563 600 626 666 716 814 851 970 1009 1122 1152 1204 1281
0 0 0 0 0 0 0 0 0 0 0 0 0 3 5 32 68 108 154 165 160 152 158 187 205 283 324 349 373 416 426 447 467 534 548 586 630 658 687 742 767 790 852 900 914 883 830 830 836 828 773 749 690 656 633 617 601 605 631 638 665 675 702 698 654 573 529 461 462 493 510 539 550 538 511 508 505 515 513 503 506 553 584 623 671 762 797 906 943 1054 1090 1141 1246
0 0 0 0 0 0 0 0 0 0 0 0 0 0 3 19 59 102 160 191 186 156 153 174 192 266 313 345 366 403 416 454 474 534 549 587 622 657 690 740 756 775 850 913 931 905 854 842 823 813 750 726 659 630 608 585 563 568 582 585 606 612 638 629 592 518 487 450 453 490 499 499 489 481 471 464 465 467 466 464 465 482 527 582 624 711 745 848 882 988 1006 1064 1207
0 0 0 0 0 0 0 0 0 0 0 0 0 0 0 9 47 95 159 208 207 177 166 167 182 250 296 334 360 395 409 459 473 527 543 596 627 660 696 740 754 769 851 927 945 914 863 845 800 788 731 705 631 603 583 557 529 530 537 538 540 552 560 561 524 476 454 442 446 477 424 409 392 379 376 383 386 375 357 380 389 413 428 450 486 553 582 674 706 824 875 1008 1169
0 0 0 0 0 0 0 0 0 0 0 0 0 0 0 6 43 86 143 214 218 199 184 168 179 234 275 314 348 395 407 458 469 514 531 598 636 665 704 754 767 783 872 941 945 921 865 848 780 762 702 676 606 572 555 533 505 505 508 505 493 490 500 500 469 439 429 428 434 427 424 409 392 379 376 383 386 375 357 380 389 413 428 450 486 553 582 674 706 824 875 1008 1169
0 0 0 0 0 0 0 0 0 0 0 0 0 0 0 3 9 47 97 175 196 215 211 182 176 207 239 273 312 374 391 440 458 513 527 590 633 675 722 788 812 840 924 942 930 905 853 832 764 734 646 621 554 522 504 490 475 472 464 455 433 430 428 426 418 411 405 370 348 322 317 246 233 231 236 245 251 277 286 315 326 362 394 427 458 508 525 626 674 828 877 985 1116
0 0 0 0 0 0 0 0 0 0 0 0 0 0 0 3 9 47 97 175 196 215 211 182 176 207 239 273 312 374 391 440 458 513 527 590 633 675 722 788 812 840 924 942 930 905 853 832 764 734 646 621 554 522 504 490 475 472 464 455 433 430 428 426 418 411 405 370 348 322 317 246 233 231 236 245 251 277 286 315 326 362 394 427 458 508 525 626 674 828 877 985 1116
0 0 0 0 0 0 0 0 0 0 0 0 0 0 0 0 4 10 48 106 127 198 211 203 189 185 209 238 270 330 351 419 442 511 530 583 617 650 699 794 828 863 928 927 910 881 826 806 737 711 618 591 519 486 464 455 452 443 418 407 392 393 403 404 411 402 385 296 263 211 204 201 215 229 245 268 277 306 315 333 335 367 410 453 492 546 565 630 658 815 860 939 1055
0 0 0 0 0 0 0 0 0 0 0 0 0 0 0 0 4 10 48 77 96 169 193 212 203 180 197 224 253 308 329 399 422 492 515 568 603 644 691 786 822 856 919 920 901 873 816 794 721 695 608 580 501 482 448 433 426 416 397 385 377 380 392 396 401 392 359 246 222 200 198 205 219 240 266 310 322 360 367 396 415 445 463 491 527 573 593 658 680 817 859 933 1029
0 0 0 0 0 0 0 0 0 0 0 0 0 0 0 0 0 4 9 54 74 134 163 208 206 181 186 210 238 285 302 366 391 469 495 562 595 644 692 779 815 849 908 914 894 865 803 782 708 681 597 569 489 470 432 408 397 388 375 370 362 365 376 378 375 351 311 208 196 196 198 206 223 252 294 397 412 452 463 472 499 554 582 631 669 624 634 706 725 833 873 944 1022
0 0 0 0 0 0 0 0 0 0 0 0 0 0 0 0 0 0 5 33 56 106 130 192 202 185 179 196 223 261 275 344 373 458 487 562 601 648 699 777 809 844 897 904 890 854 787 766 695 670 590 562 481 461 414 385 372 371 361 357 337 336 340 334 320 285 243 187 188 198 199 211 235 275 367 443 470 519 531 554 570 630 671 719 755 752 743 763 780 873 919 990 1038
0 0 0 0 0 0 0 0 0 0 0 0 0 0 0 0 0 0 3 13 30 86 100 160 179 186 180 188 207 248 263 330 360 450 481 559 604 653 705 785 817 843 885 888 876 845 775 754 684 660 583 558 475 452 393 362 352 352 345 339 303 291 276 271 250 212 192 181 182 195 197 220 315 404 432 516 548 618 649 625 612 699 750 789 813 818 812 826 841 958 989 1034 1073
0 0 0 0 0 0 0 0 0 0 0 0 0 0 0 0 0 0 0 5 15 64 79 126 148 178 179 183 199 239 251 315 346 442 472 552 600 651 703 791 822 844 870 868 859 830 768 747 676 651 576 550 467 440 375 342 330 331 316 304 253 240 211 207 196 168 169 182 182 195 200 268 400 478 578 698 725 649 659 677 649 753 800 837 859 881 884 898 912 1015 1038 1068 1098
0 0 0 0 0 0 0 0 0 0 0 0 0 0 0 0 0 0 0 5 7 44 60 99 115 163 173 178 191 228 242 311 341 434 464 549 594 647 697 790 818 838 850 846 835 812 776 738 670 643 565 540 457 428 353 319 305 302 278 263 212 202 184 182 171 168 168 185 185 218 225 375 457 555 636 746 776 791 732 738 758 786 833 866 896 920 929 976 995 1054 1071 1095 1119
0 0 0 0 0 0 0 0 0 0 0 0 0 0 0 0 0 0 0 3 4 26 43 81 92 138 161 173 185 222 237 306 334 426 455 538 583 635 689 782 810 828 832 821 806 791 754 721 658 632 555 529 448 419 337 301 278 262 237 222 184 176 172 174 171 168 171 193 203 261 303 425 504 595 662 756 786 881 898 801 824 827 859 887 920 956 965 1007 1022 1071 1085 1112 1145
0 0 0 0 0 0 0 0 0 0 0 0 0 0 0 0 0 0 0 0 3 10 23 66 76 111 142 165 181 221 236 296 323 412 444 534 578 629 687 780 807 821 818 808 780 763 733 693 642 618 544 518 440 413 321 285 253 226 199 189 159 153 163 175 186 190 193 225 241 343 382 474 542 623 681 755 786 883 913 914 850 874 887 912 947 998 1001 1046 1057 1084 1094 1123 1170
0 0 0 0 0 0 0 0 0 0 0 0 0 0 0 0 0 0 0 0 0 6 9 48 61 94 123 152 178 219 233 291 314 401 436 532 580 632 691 779 800 811 807 794 759 733 706 668 618 599 532 506 431 404 312 269 230 200 173 163 139 133 158 173 207 220 227 274 297 397 431 513 576 648 701 768 791 887 924 956 920 906 923 940 971 1023 1044 1091 1103 1115 1120 1141 1192
0 0 0 0 0 0 0 0 0 0 0 0 3 7 7 0 0 0 0 0 0 4 6 30 45 80 103 136 171 217 229 283 304 393 430 530 584 636 703 780 795 802 796 783 746 713 677 644 592 576 520 497 418 390 307 260 218 181 150 141 131 127 143 158 213 243 258 320 346 439 468 561 609 667 718 784 808 893 924 1051 1072 954 955 978 1014 1068 1085 1131 1141 1157 1162 1174 1208
0 0 0 0 0 0 0 0 0 0 0 0 3 10 14 15 0 0 0 0 0 0 4 16 32 66 85 117 156 212 223 274 296 381 417 527 584 638 706 756 783 792 785 772 739 699 653 614 565 552 503 481 402 377 304 259 212 169 135 130 127 127 130 131 166 215 243 327 357 454 488 615 677 726 768 834 861 921 948 1017 1020 1070 1095 1095 1128 1173 1175 1192 1198 1226 1237 1251 1259
7 0 0 0 0 0 0 0 0 0 0 0 6 10 15 17 13 3 0 0 0 0 0 9 20 53 72 96 136 200 214 262 286 368 405 520 580 632 698 750 769 775 772 760 724 686 634 589 542 530 477 455 385 362 291 251 210 165 124 122 124 124 125 131 166 215 243 327 357 454 488 615 677 726 768 834 861 921 948 1017 1020 1070 1095 1095 1128 1173 1175 1192 1198 1226 1237 1251 1259
7 9 0 0 0 0 0 0 0 4 5 3 5 10 15 21 29 28 12 0 0 0 0 4 6 40 56 73 98 166 186 252 273 353 382 490 558 613 665 721 739 735 716 713 688 644 596 552 504 490 435 415 347 325 259 224 191 159 120 118 121 119 121 119 128 162 189 309 347 462 505 639 705 765 862 951 929 974 992 1062 1091 1166 1187 1195 1205 1216 1222 1245 1272 1327 1330 1322 1318
7 9 0 0 0 0 0 0 0 4 5 3 5 10 15 21 29 28 12 0 0 0 0 4 6 40 56 73 98 166 186 252 273 353 382 490 525 613 665 721 739 735 716 713 688 644 596 552 504 490 435 415 347 325 259 224 191 159 120 118 121 119 121 119 128 162 189 309 347 462 505 639 705 765 862 951 929 974 992 1062 1091 1166 1187 1195 1205 1216 1222 1245 1272 1327 1330 1322 1318
5 10 14 11 0 0 0 0 0 8 3 0 6 12 16 34 40 45 37 3 0 0 0 0 4 26 44 59 81 137 157 236 261 328 353 449 486 591 645 694 712 705 665 658 641 608 564 524 487 470 410 385 312 291 227 195 167 137 114 113 114 113 113 112 145 191 219 332 372 491 536 657 731 834 917 1013 1039 1043 1010 1072 1091 1113 1121 1145 1182 1236 1254 1308 1327 1368 1385 1391 1364
0 3 6 6 5 2 0 0 0 3 1 0 6 11 16 34 46 49 40 1 0 0 0 0 3 14 38 57 78 127 144 224 250 316 339 435 471 580 635 680 701 696 653 642 615 588 551 506 467 454 391 367 296 272 219 184 153 125 111 109 105 104 108 108 164 207 236 348 387 505 547 660 731 831 899 874 903 954 968 1008 1018 1040 1060 1094 1135 1205 1229 1309 1336 1397 1409 1413 1394
0 0 0 0 6 2 0 0 0 0 0 0 8 13 19 40 52 53 46 2 3 0 0 0 0 6 27 51 71 117 133 211 241 314 336 429 463 569 626 665 686 683 644 629 593 574 537 489 441 428 366 345 277 259 210 173 139 115 112 107 100 100 106 109 168 220 253 358 396 511 547 650 709 712 769 832 851 898 910 942 953 987 1021 1061 1105 1178 1204 1289 1319 1405 1421 1460 1433
0 0 0 0 8 7 0 0 0 0 0 0 11 19 24 46 58 64 51 2 3 0 0 0 0 1 19 43 67 115 128 197 226 310 335 421 454 553 612 650 668 668 635 619 576 563 522 474 416 400 338 318 262 245 195 161 128 111 106 102 98 99 104 107 167 227 260 363 401 506 533 613 665 672 718 773 790 836 851 894 908 954 993 1035 1085 1162 1184 1260 1288 1397 1436 1503 1468
0 0 0 0 6 8 0 0 0 0 0 0 15 23 28 50 62 67 54 10 4 0 0 0 0 3 10 36 63 108 121 181 208 302 330 414 445 540 595 634 651 653 629 611 565 544 505 455 404 387 319 298 246 231 184 147 117 105 101 99 97 98 104 110 175 235 265 366 399 481 501 570 619 657 693 726 745 783 795 857 876 933 973 1025 1073 1127 1144 1207 1234 1333 1384 1487 1541
13 7 0 0 2 2 0 0 0 0 0 0 13 20 27 59 63 68 58 17 7 0 0 0 0 0 7 29 57 98 112 162 188 288 320 410 439 526 578 619 633 637 621 607 553 523 484 440 397 382 310 287 233 217 171 134 110 104 100 97 95 95 105 115 184 242 273 361 386 439 458 520 574 615 646 691 706 755 774 836 859 929 977 1021 1056 1115 1133 1198 1222 1311 1351 1443 1529
27 25 7 2 0 1 0 0 0 0 0 0 11 18 25 55 67 76 69 36 27 1 0 0 0 0 1 21 48 75 104 156 179 273 305 402 431 513 567 605 620 622 611 600 548 509 470 428 386 373 304 280 221 204 155 121 102 102 97 95 92 93 110 124 198 252 280 350 364 404 420 471 530 578 617 670 686 738 755 820 845 925 977 1019 1051 1114 1131 1196 1224 1315 1365 1447 1536
43 37 25 18 2 0 0 0 0 0 0 0 7 13 19 45 60 70 71 47 36 15 14 0 0 0 3 13 39 67 91 147 167 253 286 390 424 503 554 590 607 605 591 586 543 507 462 425 371 358 299 275 220 200 141 110 99 100 91 89 91 93 120 138 211 260 286 338 345 374 386 426 481 545 594 656 676 727 744 811 837 918 972 1019 1051 1109 1128 1207 1236 1361 1394 1447 1536
109 91 70 60 24 12 0 0 0 0 0 0 2 4 10 36 54 63 65 57 48 12 11 0 0 0 0 1 18 46 72 113 138 216 244 356 397 488 533 563 581 583 555 545 524 499 467 418 357 344 283 263 220 203 146 110 90 88 83 84 99 106 149 164 218 260 276 305 311 321 328 373 433 521 578 642 660 713 732 801 829 907 959 1012 1065 1122 1170 1263 1301 1400 1447 1522 1558
109 91 70 60 24 12 0 0 0 0 0 0 2 4 10 36 54 63 65 57 48 12 11 0 0 0 0 1 18 46 72 113 138 216 244 356 397 488 533 563 581 583 555 545 524 499 467 418 357 344 283 263 220 203 146 110 90 88 83 84 99 106 149 164 218 260 276 305 311 321 328 373 433 521 578 642 660 713 732 801 829 907 959 1012 1065 1122 1170 1263 1301 1400 1447 1522 1558
177 164 156 139 70 48 3 0 0 0 0 0 0 3 5 29 45 60 67 49 38 4 0 0 0 0 0 0 3 24 51 92 107 176 203 313 358 471 512 516 523 528 519 503 479 471 440 396 330 310 257 242 205 192 153 117 89 84 81 81 105 123 184 203 241 260 269 300 305 323 330 367 420 516 573 633 652 704 722 783 805 878 904 1011 1098 1158 1221 1330 1350 1391 1407 1447 1482
177 164 156 139 70 48 3 0 0 0 0 0 0 3 5 29 45 60 67 49 38 4 0 0 0 0 0 0 3 24 51 92 107 176 203 313 358 471 512 516 523 528 519 503 479 471 440 396 330 310 257 242 205 192 153 117 89 82 81 82 111 135 198 213 251 270 279 319 333 357 360 384 433 517 576 637 656 710 726 779 800 870 899 1015 1097 1175 1229 1276 1295 1356 1370 1404 1438
181 185 180 170 107 79 27 15 0 0 0 0 0 0 0 17 35 51 59 51 43 17 9 0 0 0 0 0 3 11 34 72 82 126 151 250 295 437 491 483 466 460 459 458 463 455 417 368 307 289 231 214 180 168 137 107 84 81 81 83 126 152 208 220 260 285 296 349 370 418 413 414 450 520 580 645 665 716 731 784 805 875 903 1005 1078 1135 1180 1245 1266 1325 1337 1368 1401
167 174 182 175 124 97 36 24 4 0 0 0 0 0 0 13 31 47 57 56 52 28 21 0 0 0 0 0 0 8 27 60 70 103 125 221 260 401 472 472 445 431 434 439 456 450 411 368 314 294 233 211 164 155 125 98 80 79 81 87 145 168 220 230 267 300 313 379 410 470 469 449 472 519 580 657 678 728 744 799 819 885 910 997 1057 1110 1155 1223 1241 1292 1308 1337 1365
151 157 177 181 144 118 51 38 4 0 0 0 0 0 0 10 26 42 56 57 56 38 28 6 3 0 0 0 0 5 19 47 57 90 105 185 218 346 433 455 422 407 403 414 438 422 385 356 304 290 233 212 158 146 114 89 77 77 88 99 155 177 223 234 279 316 331 408 443 512 520 519 522 540 585 632 685 755 775 823 844 904 923 994 1039 1080 1128 1191 1210 1262 1275 1304 1331
134 139 168 182 170 145 63 47 11 2 0 2 3 4 5 11 26 37 50 52 50 47 40 19 14 0 0 0 0 1 14 32 42 75 90 153 183 293 378 427 403 385 374 387 402 368 338 310 261 249 215 200 156 142 100 82 78 77 88 105 171 189 231 247 306 345 363 438 471 549 569 598 587 597 617 646 693 764 787 854 871 924 942 974 1008 1047 1099 1164 1182 1223 1235 1260 1293
123 130 165 181 186 164 73 55 18 6 5 7 8 6 6 12 26 34 45 43 43 48 48 32 27 6 0 0 0 0 3 22 31 63 75 131 157 249 329 396 386 366 337 342 342 312 281 257 217 204 176 167 139 129 87 79 77 76 96 117 186 200 248 267 330 374 396 470 497 582 605 653 675 709 738 698 719 790 807 867 878 911 922 939 973 1011 1061 1139 1158 1186 1193 1217 1252
