example/example_data/dav_slope.txt
ncols         160
nrows         186
xllcorner     502310.48681151
yllcorner     6496008.1508163
cellsize      100
NODATA_value  -9999
[rows 116 to 144 of 186, columns 65 to 129 of 160]
10.80243 12.44617 11.96258 9.734637 11.11702 14.07158 24.34971 35.89713 36.59777 30.70914 21.82609 19.70036 19.44644 21.6262 23.39668 26.81086 29.74006 33.94501 40.87413 35.78334 33.10587 37.51563 29.99608 23.12952 25.18054 27.89746 34.20643 33.98688 34.40518 33.77378 27.53247 22.23238 34.05439 34.45183 31.58771 34.14904 34.24808 34.56414 32.8856 28.54028 30.68773 34.72347 32.63293 23.38691 10.90422 5.567827 7.03558 8.541265 9.874976 7.92495 5.446389 6.220747 6.331736 5.661627 5.509291 5.315438 4.759135 6.255548 7.377732 8.545345 9.064597 11.1328 15.94527 18.53358 20.49922
10.8737 16.64273 19.87354 21.88799 24.18865 21.92632 23.18332 33.65831 35.50675 31.11795 22.23069 20.07155 19.27774 19.7152 20.88175 24.70275 26.28143 34.65947 43.74544 36.91453 32.03471 33.02174 29.65336 28.73326 26.49903 23.3478 27.34177 26.41612 26.2318 24.54765 20.36416 15.31801 35.56121 33.86454 23.54171 24.90309 21.17633 19.74285 20.23023 20.3491 27.06193 29.38614 18.66834 8.642641 6.673659 7.759097 8.094639 8.339973 9.003086 6.461858 3.215526 6.508509 8.624776 7.776493 7.565631 8.347741 9.038838 11.44037 13.30836 13.92144 14.08636 16.89737 21.04941 22.05649 22.33097
12.87114 20.60828 25.28128 27.82054 29.16488 26.3357 21.54696 28.78891 32.67799 32.4607 23.88157 20.40036 19.19861 19.65598 20.98302 24.60463 26.02599 32.89019 41.10604 34.86526 31.89646 32.46811 26.54585 25.53836 25.0809 21.27806 24.77823 24.70966 25.1768 23.38622 20.43205 9.327558 34.0443 34.34644 22.05345 23.83195 19.25217 18.97495 21.97504 22.32537 27.30895 26.76225 14.38212 11.0563 10.75888 11.89443 10.97076 10.28934 10.41926 6.855998 3.213937 8.178704 11.39992 10.41172 11.58848 15.44417 18.41304 21.28106 21.95882 21.14877 21.20042 22.32836 24.35988 24.95188 23.99343
14.98535 23.77436 28.9276 30.12124 28.71479 27.40885 26.08141 25.34995 28.00213 31.65866 25.4662 23.17218 21.86956 22.03503 22.68006 25.03848 25.2664 29.23641 36.24305 30.1601 28.59507 31.75515 26.72583 24.74558 24.46064 20.93083 23.61701 23.78831 24.94761 22.36692 22.74195 11.4849 32.24528 35.33421 27.13057 26.02584 18.29637 19.13173 23.71417 23.07839 26.67924 25.1088 16.90708 18.91382 21.31096 21.46199 17.85514 14.8964 13.05178 7.830993 4.000353 11.09989 15.38412 15.23015 18.4621 22.75811 23.66643 23.75495 22.74195 22.3209 23.06541 24.56256 25.93067 24.50152 20.83086
18.88456 27.15256 31.29407 31.25196 29.11306 28.26113 32.70091 30.44952 26.88842 26.38661 25.12665 28.72622 24.46586 23.37296 24.28011 25.09157 24.14847 23.7034 29.32714 26.70909 28.46031 32.46551 26.93176 24.54035 24.7005 22.77552 25.1387 24.59946 25.61582 22.43376 26.71562 15.51742 32.95333 36.86088 32.02937 28.9086 18.31222 19.41371 24.9088 23.78576 26.97317 26.42725 22.52298 25.56138 27.17038 28.06448 24.98395 20.15045 15.97941 9.6736 5.060189 13.65582 18.35093 17.83599 20.47651 24.18666 24.1295 22.94051 21.93225 22.41318 23.28246 24.49615 24.52833 21.28924 14.48358
22.29961 29.35026 31.64561 31.97672 30.55287 27.32441 32.89264 37.48824 39.95974 35.46245 26.27968 31.04922 26.01533 23.93338 23.28913 19.95676 18.59395 15.61969 23.47665 26.41771 29.34699 33.88918 27.18032 22.47354 23.77743 24.13965 26.96031 26.68962 27.79438 24.44743 30.29865 19.18691 36.11448 39.83229 32.65543 28.60317 17.16535 18.71772 25.08796 24.84842 30.29214 31.82944 27.71658 26.57665 26.36038 32.11891 32.49663 24.33542 19.26678 15.42217 11.59853 17.4958 21.71667 18.43892 18.61568 24.35709 23.79613 22.7325 24.97085 28.75183 32.54046 33.9463 32.31659 24.84635 13.59303
23.12687 28.66544 29.35388 30.62257 29.3789 22.73486 24.13367 28.56212 36.09869 37.76659 38.9422 39.53535 30.61842 25.49376 22.47964 11.63279 12.22622 17.04337 22.94912 27.07568 30.59544 36.75682 29.52113 19.2946 19.82813 21.1932 25.05844 26.58695 29.56345 27.14662 30.44398 22.8585 37.24155 40.81047 29.71819 26.94926 17.33496 17.97823 25.23783 26.28551 34.82222 36.2602 29.55234 30.18024 30.61697 37.07703 39.09167 28.11501 20.37602 15.91597 12.4894 21.35194 26.56577 20.55646 19.20824 25.00036 22.21454 16.62127 16.84141 21.73373 25.01581 24.68732 22.60621 18.69471 21.85457
23.19585 25.82445 25.27958 27.08526 26.14047 19.50023 18.22001 18.55756 24.03216 19.82901 29.88157 36.93577 34.96178 31.65582 25.23612 13.29258 3.26283 10.52696 18.85642 24.98601 29.89258 39.09645 33.35 20.81934 18.09283 16.84087 21.20864 24.82086 30.70056 28.16784 26.71846 24.42931 32.37501 35.60945 29.63625 29.3789 20.39296 20.24306 27.29375 28.09479 38.24455 38.96022 28.23113 30.30345 31.70236 40.39484 44.38866 32.80486 21.89701 15.41885 9.271651 22.21361 28.60279 22.07773 20.44091 23.05063 22.30577 20.10437 14.70767 18.27561 18.5949 11.49505 7.584815 18.21044 27.41864
21.25649 21.37992 20.37687 22.47964 22.63129 20.3049 22.13279 25.86337 30.77452 25.97068 25.46559 27.68249 27.27716 31.98735 33.25175 29.45491 23.41914 8.049467 5.854971 16.88874 24.80107 37.99478 34.56176 24.51323 20.85961 17.51645 20.71138 24.37087 31.53671 26.43981 21.26768 24.55916 25.52066 25.37354 33.47585 35.39427 22.94984 21.95366 28.6301 29.25236 40.65461 41.14513 25.51989 23.52184 25.56839 39.64848 48.52103 38.42088 24.73997 18.45148 12.40276 23.27701 28.39188 24.89547 23.76381 20.63641 19.1759 20.60828 17.24266 21.85553 22.54765 14.81189 8.187853 22.11938 29.90101
16.26354 15.44748 14.71851 17.1041 18.96214 19.75831 21.71492 27.15159 33.55769 30.37465 29.76308 36.23566 31.17188 28.17551 32.91273 36.22651 35.20901 24.86878 14.13593 8.53835 16.39916 32.07374 29.95695 22.3909 20.36988 17.46787 21.87878 25.5318 29.29404 23.14865 21.80835 24.93732 24.19678 20.18503 34.28981 39.36598 24.89055 22.02818 29.3586 31.44831 42.51406 41.70608 22.2998 17.68898 18.38032 34.76078 50.4603 43.76325 27.86917 18.63787 11.88954 23.30929 26.09852 26.26276 27.68235 20.06614 17.21553 18.6807 16.5553 23.63127 25.64116 18.12844 7.006938 23.75171 31.36446
12.84654 11.25642 9.958453 10.88538 13.21624 15.2595 16.12766 24.15096 32.8175 30.62738 31.47131 40.98392 36.60655 32.53348 30.40873 33.42557 37.69247 31.37602 26.70767 19.55203 22.23445 33.43992 30.31862 25.46252 24.18268 20.70185 20.61329 19.88536 26.21878 33.08205 35.68512 35.31731 34.17622 31.66245 33.87898 38.5797 29.65704 27.31333 36.30742 40.4918 46.08027 42.16884 24.85718 21.74748 20.36607 31.77981 49.75972 46.73571 32.21957 20.66719 12.60438 23.10522 24.33739 26.12282 28.91096 19.2428 17.16694 19.51908 17.22027 22.80938 25.78378 22.06237 11.59392 21.56029 29.57336
13.80278 11.63696 9.05967 6.361154 6.317373 12.25499 15.15554 24.58539 33.08813 30.406 32.44947 43.21578 39.40038 37.9052 34.61868 30.59376 37.05598 33.25938 33.99355 31.58444 28.35633 35.41293 32.56408 29.32714 27.22991 22.15336 13.82201 4.549392 17.89235 24.72619 26.14017 25.4662 24.58927 23.47751 23.45165 32.5592 32.67759 27.44798 37.09143 39.6666 41.20816 34.80217 16.30617 14.77925 15.18998 31.42091 48.05988 46.85801 33.33024 21.51043 14.3072 23.0121 23.80701 26.00273 28.55336 17.19099 15.25767 19.76118 17.78623 21.39974 23.50523 21.88626 14.29896 17.03883 25.38879
20.91265 23.55483 24.11418 21.06683 16.76506 16.45531 17.62284 28.10223 36.29959 34.42501 37.96971 47.32893 44.08955 41.37081 34.29402 22.40409 35.45653 41.27427 43.91921 42.10163 36.85232 35.99714 31.97538 28.87889 25.97246 16.30053 9.862989 20.02695 24.9789 26.69346 26.75375 25.72959 25.23286 25.99383 28.47817 35.21849 37.25946 33.29514 42.4325 43.68694 38.48484 27.79358 9.205699 6.150534 12.4894 30.57625 47.71471 48.66878 33.42651 21.61604 15.24361 23.20732 23.8748 25.52936 27.65141 15.79317 13.94456 19.47347 18.5367 22.04073 21.68696 19.12989 20.4563 24.14564 26.03428
17.57154 20.35589 19.97766 18.4891 15.29245 14.74971 15.85049 29.44481 37.91307 35.92146 39.5436 47.95795 43.13846 35.07489 25.12556 7.165795 18.99566 27.97678 31.43531 29.78902 26.91032 30.6322 30.13232 30.18772 25.39372 22.56217 27.08012 28.31608 26.24685 26.68664 26.90765 25.87368 25.23845 26.09498 28.6885 33.47811 35.26388 34.17216 45.0529 45.09125 33.26625 20.50279 8.747888 6.593913 15.3605 25.64116 47.64312 52.16551 33.48263 21.75136 14.99159 23.14812 24.04957 24.71816 26.67426 15.21085 12.72762 18.94255 19.18416 22.0927 18.6978 16.67979 26.94814 32.56328 30.00492
16.63805 18.82187 13.98558 15.23168 15.08111 19.8024 24.73276 32.83426 38.76237 37.35956 39.94567 43.34562 34.99786 30.53925 30.17426 25.05735 19.28116 10.7311 7.876849 23.77402 23.14069 23.91045 26.5951 21.09412 3.885299 27.00221 38.22429 35.57372 28.37944 28.1021 28.74932 25.6607 22.84768 23.2459 27.48148 33.59485 35.81086 37.19806 46.07712 41.20411 19.18806 7.683887 3.870838 7.353892 20.39719 26.76154 47.76841 52.85136 32.22821 21.88626 15.22341 22.25545 22.84335 23.96638 26.81664 15.57596 11.74318 18.93624 20.19361 18.78228 13.43137 14.5797 20.82263 23.74694 21.12399
20.58323 25.17852 19.92012 21.48092 21.3253 26.16162 30.53982 33.90983 37.58517 37.72842 37.43429 30.81 27.92319 35.71486 37.57794 34.80851 29.98107 23.86313 18.81622 22.19913 29.80279 28.06971 25.83463 10.74568 11.48617 32.92793 42.53331 40.02188 36.22556 36.55989 38.03736 35.78416 32.87496 32.98859 36.99932 41.40643 42.17362 44.63708 47.6362 36.56487 14.77195 5.302065 10.17696 18.08986 30.06619 37.32552 48.21546 49.10206 29.30192 21.95041 16.01922 21.31933 20.9547 22.97563 27.0227 16.50317 12.64435 19.43629 21.13286 13.15684 8.531933 17.24371 20.1627 18.88714 16.53757
22.07394 28.32638 17.46916 16.26665 14.41745 18.92317 22.73195 25.08859 31.29708 30.76331 27.47186 25.61977 28.00213 29.68053 27.84971 26.54326 25.76438 28.34297 31.85982 15.51413 11.45566 11.7469 17.48779 14.9866 20.60828 33.68623 40.39709 36.74966 31.00375 20.34889 24.20689 25.91234 24.12051 25.35612 30.82682 35.39997 36.59746 40.61201 37.80978 19.35485 3.844405 6.606892 20.61329 27.60899 37.16337 43.09281 44.66607 41.21562 25.02715 22.00154 17.17963 20.88318 19.60766 21.53381 26.05956 17.02841 13.86277 21.32191 22.79182 5.509291 9.731595 18.74874 19.55225 17.24266 17.13303
23.118 31.68557 21.15723 16.15421 15.85457 19.74175 24.04689 25.37154 28.02416 19.7444 18.84209 24.78782 25.8195 28.19109 27.1433 25.93007 25.32586 29.25284 31.16354 28.3702 33.63231 33.0289 32.08317 29.2498 24.21467 29.59673 36.09388 35.57413 34.91666 19.42884 15.67659 21.73819 23.59413 27.14427 32.20218 36.98256 39.11767 39.55778 28.09675 8.241917 10.57296 17.29911 30.65736 36.29325 42.52827 43.58188 36.8657 31.91418 20.66969 22.32239 18.72602 20.7542 18.86017 20.19533 24.59542 16.88469 14.77195 24.78654 23.07199 5.443597 16.98666 20.73498 21.12702 19.67352 21.44226
23.48011 32.58527 22.06256 13.42249 17.09266 19.33032 20.4563 21.45371 19.99418 12.07722 20.3684 24.76687 25.54675 29.11417 28.06448 26.97499 27.19135 27.63411 27.21174 30.62055 30.98623 31.19267 32.18568 30.87421 25.52936 21.72811 29.46993 33.25891 37.59897 26.41901 8.947785 18.60351 24.90578 29.00781 33.77304 37.49846 38.2456 33.92441 15.57715 9.099546 24.51388 32.08758 40.03207 41.70905 41.1894 37.27041 27.14717 24.66673 17.77433 22.36692 20.02349 21.34558 19.28116 19.1421 22.72504 16.18639 17.42561 26.70483 17.96749 15.70761 21.92938 23.3478 24.73084 23.49467 26.38835
23.65786 30.73263 21.17633 9.338166 13.63179 13.55238 11.2776 16.3273 16.76588 20.56818 25.02384 25.77761 26.45251 30.53847 29.94576 29.84605 30.0306 24.11302 25.18242 29.64243 31.71075 34.87849 35.35395 32.13926 26.47888 17.91117 20.4253 29.59387 39.43905 32.41997 18.40796 23.84416 28.99039 30.60195 34.77235 36.38792 34.28631 24.18434 9.632165 22.67277 37.50881 39.48125 40.03038 37.38473 32.64007 28.34503 20.31915 21.11431 17.48469 21.92632 19.50045 22.04814 20.34401 17.91945 20.60286 15.98778 22.32071 24.19495 7.743599 21.80951 24.72202 27.39578 28.9607 27.50165 30.74753
22.41763 26.34078 17.51052 7.170701 6.410923 5.096173 2.433606 11.16472 18.92924 25.93201 26.01888 24.18335 25.44535 30.28494 29.95614 31.24582 31.55048 24.51144 26.85088 29.88825 33.29514 34.63843 34.00057 31.47301 27.19728 19.32737 14.76687 26.36937 42.56813 37.968 28.62707 29.41508 29.52352 29.85731 33.79107 34.44189 28.28385 11.13323 22.52556 34.04266 41.33171 36.0715 31.01852 27.3985 23.94821 22.50252 18.78582 22.40576 20.50405 23.08284 20.002 23.60187 22.40928 18.18143 20.00895 19.70568 28.39534 16.32223 10.57157 26.9877 30.7492 35.67154 38.55053 39.30893 43.0399
18.4469 20.46451 12.74458 6.283728 4.403919 2.337062 4.520227 10.44042 20.45798 24.5431 21.19881 20.15604 21.90026 27.64551 28.34503 29.7118 30.48491 27.48053 30.11858 34.99417 33.85571 28.45329 26.1675 25.84841 23.60514 21.16427 22.6472 27.11188 44.32238 41.06935 32.16876 28.33268 23.84331 26.01518 31.91863 32.40851 20.7831 12.07522 31.15627 37.07454 38.41139 30.63141 24.4846 21.32112 20.88728 21.17331 19.46874 23.40905 20.18846 22.07868 18.6864 22.55556 21.53087 16.44192 18.20504 22.07622 29.44445 6.16038 20.5351 27.57872 30.4127 34.85453 36.21323 33.3386 35.9153
15.60811 16.10879 8.951668 5.368589 10.90422 16.8498 20.60828 24.33098 27.45124 23.31718 16.15991 18.38978 22.58733 32.02597 36.32545 38.09044 40.98539 43.64395 47.55931 46.51163 35.59796 28.7799 28.58646 32.8979 35.82334 37.64939 40.62223 43.25319 48.3167 43.22894 35.13099 30.33425 25.62311 28.58582 34.10188 32.76674 21.75387 24.18218 35.77982 39.19903 38.18046 28.26733 19.98831 18.62642 22.51359 23.43862 21.91253 26.14326 23.01835 24.6077 20.20368 21.62073 20.36416 16.7214 21.3434 26.46448 25.00604 11.28925 27.23857 29.19275 30.54252 34.61991 35.40708 28.6392 27.29375
12.99152 13.0125 6.15792 5.051153 10.8975 16.50345 18.97798 20.95042 20.99441 13.12448 12.64587 12.22622 14.81189 26.06724 31.97672 31.24496 31.96537 34.98249 38.79961 32.74676 29.35473 23.04689 19.01866 24.6619 29.35908 30.16563 31.13511 35.77982 41.70765 35.13703 29.97106 26.66473 19.39223 22.38923 28.75885 24.24577 14.93438 25.63752 37.0178 42.11472 40.55033 27.52747 17.12189 16.90277 25.04477 26.94814 25.26345 29.73628 25.60702 25.224 19.00472 19.30485 18.59682 17.55998 25.19738 27.87129 15.17 22.86625 28.87864 28.58988 29.6391 35.35613 37.16794 28.83203 26.10751
11.04526 8.187853 7.212603 14.97817 22.01392 26.94464 29.21874 30.73753 27.36184 20.02717 19.23937 19.58177 27.65999 32.40851 35.84412 35.82554 37.00811 35.8288 30.03512 26.81185 36.76328 39.81234 41.7269 42.00523 41.66083 42.21763 43.53695 43.93628 42.30262 35.60449 34.14822 32.33508 25.82445 24.54116 25.28082 16.50345 11.39309 25.95819 38.03232 43.10311 39.86302 25.93737 16.20856 15.64462 25.94392 29.63589 30.03338 34.43221 28.11501 24.27813 16.56995 18.73691 19.63351 18.90774 27.13556 26.51254 2.220254 33.5559 33.11511 29.96756 28.95116 32.86949 34.87573 27.71617 24.8896
7.290149 0.7373295 7.735838 18.95748 25.44228 29.02201 30.29259 30.88281 26.45294 24.33081 18.90633 20.22616 29.95742 32.16223 37.14919 44.33401 48.81495 48.27288 44.44223 42.94036 47.46403 51.99578 53.91143 54.21451 54.13487 54.32536 54.22775 52.59866 49.17684 45.49382 44.31445 41.53065 36.02808 31.01907 23.37016 11.01517 18.51556 35.33883 42.05849 41.66757 35.44735 23.31017 17.55277 16.90843 25.2047 30.2743 37.11401 41.83754 33.20642 28.04722 22.78694 24.74862 25.07478 22.61226 27.14869 21.46061 14.17364 42.59618 38.94736 33.8582 30.92201 30.23445 31.23298 30.90088 29.42279
2.894374 10.96052 17.84834 27.14883 31.60967 33.52917 33.93613 32.08697 29.21923 33.79597 34.55938 35.01715 34.4034 32.2534 35.02118 37.33138 38.05467 39.10036 40.8954 42.71098 43.52966 43.46413 43.09428 43.3899 43.39475 42.13536 41.67138 44.28518 45.25171 41.67851 36.71036 30.82992 23.22706 17.16456 9.378887 4.310465 31.06798 44.9228 41.53428 35.66998 30.74464 21.93225 18.45921 17.94474 23.74131 28.31672 41.47345 46.27945 30.63768 25.06787 22.45153 27.95547 28.64008 26.93736 25.86337 5.260775 28.89816 45.63387 37.49141 30.48513 30.19668 31.60851 32.21998 31.85233 28.84076
8.475122 21.78983 28.78891 35.67838 38.57291 40.86673 42.60124 40.51604 38.67536 41.25444 44.41624 45.56266 44.1798 43.12543 43.03334 41.11256 40.44771 40.1242 40.24237 41.48572 41.50843 40.6987 39.86971 39.8957 41.56144 46.50037 49.59683 48.29751 43.45303 36.9395 27.08415 16.61135 10.02106 7.881927 9.931208 18.71037 38.69968 46.22602 35.34656 29.21691 28.34348 22.08531 20.71138 21.89087 25.25134 26.64008 38.45224 47.80288 36.87051 28.03713 30.18312 39.51521 41.67969 36.17418 19.36301 20.52692 37.75272 45.31775 36.62309 33.07655 34.59231 35.28775 34.49039 30.77308 25.31426
13.1641 26.40065 27.90301 30.2743 30.17426 32.51382 32.71186 23.317 24.57082 28.19783 31.86563 33.5409 32.63908 33.23331 39.01081 43.95428 46.69047 48.65325 49.92893 50.70085 50.62972 50.36 50.38 50.71354 50.04723 48.5925 43.81231 33.83112 23.9773 22.52888 18.24036 7.987777 9.177664 11.95935 21.56813 29.13011 38.49532 42.90614 31.93561 27.16278 28.31724 23.4593 24.93415 27.23527 29.7429 31.38341 34.07048 42.51857 42.40142 37.46449 31.67632 38.75043 34.71099 23.11889 25.60489 34.87357 39.48915 42.16124 33.95261 34.29402 35.67813 32.63591 30.68985 24.07298 17.1017
