example/example_data/dav_slope.txt
ncols         160
nrows         186
xllcorner     502310.48681151
yllcorner     6496008.1508163
cellsize      100
NODATA_value  -9999
[rows 58 to 86 of 186, columns 65 to 129 of 160]
29.29998 33.24392 35.59101 37.80402 53.46066 51.48141 17.15423 13.05068 15.68014 18.73762 22.51359 23.36667 21.11996 14.15697 9.117512 17.93047 20.00743 19.19517 17.87728 16.47425 14.0106 18.00416 19.16487 22.32239 29.23385 22.67368 26.37429 27.20954 33.74972 36.31122 39.78564 42.79894 30.89306 29.21032 33.65766 27.89785 15.33411 8.887648 5.361029 7.517784 21.77824 32.52021 31.92909 31.80611 36.82737 31.99549 36.17873 35.75692 37.24088 39.27381 34.99417 42.22331 22.16788 6.925361 6.443882 22.13071 22.76682 21.29482 27.5145 27.13625 35.35907 50.25401 45.02509 32.45849 27.79571
36.59629 47.61427 52.24239 50.63475 48.27377 35.7552 17.11871 20.87437 19.18485 19.54329 20.22424 19.95698 18.57194 15.64343 8.187853 7.193778 21.05063 27.93308 25.60474 20.7732 16.82406 20.41495 22.66054 26.92994 31.65413 20.50111 26.12488 27.85448 32.97733 34.25643 35.01621 36.53205 25.42923 25.82445 33.91331 31.11849 19.82043 12.72762 4.835402 5.272331 17.19627 28.18654 30.12712 31.26748 38.98162 35.45645 37.34533 36.18575 36.87372 37.92867 31.8158 39.86144 27.9348 23.02585 20.03671 26.97317 24.68588 21.54951 28.85086 29.31114 38.54455 48.70359 38.97594 21.6379 21.93913
49.60682 52.59419 46.61514 37.81734 23.18632 12.75775 18.80468 17.44766 15.04296 14.46309 14.03894 13.38873 12.4047 13.34415 14.59033 11.74566 16.81836 23.18967 25.68521 23.16564 20.82017 22.64629 24.57082 27.77656 32.86039 20.93226 26.95752 27.68235 30.74131 30.1518 27.47037 31.306 25.35365 26.18906 34.66691 32.93708 24.77583 18.17282 7.47297 5.333532 13.38695 23.42193 27.36252 29.13562 39.59484 37.35956 37.96165 36.35601 43.04911 41.66577 20.3132 28.03045 23.9172 21.58555 19.92602 24.85924 20.04537 15.83647 28.36763 31.72302 41.44886 46.18903 30.07639 12.66523 14.29401
36.59404 23.89069 24.65562 24.13649 21.46298 18.84233 16.07671 12.75775 10.67852 10.08861 9.121318 8.838886 8.752433 13.91327 20.0109 18.01637 17.50768 12.34397 23.7058 26.45294 24.94982 23.87988 25.23892 28.50009 34.03838 25.34794 31.08356 31.82663 33.72599 34.12054 35.35907 44.91456 46.09756 42.8093 43.88531 39.12661 33.65636 28.44754 16.81809 9.491599 9.669517 18.17282 24.41852 28.61279 40.69894 38.31411 38.98269 37.66161 43.90275 41.78193 20.95959 24.76543 27.24132 30.60139 30.88038 26.69204 17.10117 15.04793 27.14427 31.7563 41.98765 43.79262 25.15495 13.46465 15.49075
39.11793 37.96971 30.3063 20.89894 15.8125 11.51532 8.432692 6.315775 5.25209 6.057836 5.87911 6.63429 7.706661 16.63365 24.18882 19.53321 16.72659 8.269713 20.18825 26.84905 26.44198 22.73377 23.13218 26.55416 31.73297 22.41912 29.00386 30.72429 32.24274 31.81997 29.73723 38.05467 42.44722 40.10929 44.02542 36.97619 31.30471 28.11931 16.73997 9.748313 5.206498 13.29653 21.05286 27.33849 40.99401 38.57394 40.07973 39.66231 39.55469 37.56836 21.26948 21.50159 26.45063 30.49022 30.96485 25.1576 15.13982 14.75766 23.80463 28.78778 40.03076 41.07104 22.09743 12.2479 15.00656
20.2706 22.3153 22.2532 14.63117 11.30347 7.455504 5.467748 4.284403 3.148096 5.183059 5.747697 8.41376 11.48913 19.92514 26.476 21.09251 17.68414 13.70305 25.4711 35.04087 32.09926 24.85622 23.48722 25.26267 30.49563 21.92689 26.85257 29.57873 33.65543 35.31369 33.97601 31.93074 37.91765 39.43847 45.91483 38.40362 31.94812 29.47377 19.80966 13.83025 5.194792 10.01123 18.28049 25.50477 40.59425 38.55279 40.33939 40.37731 36.41153 34.19778 16.13252 9.774595 19.34872 24.06312 27.63974 30.52675 30.38829 26.02762 20.28083 22.73831 35.49569 39.35443 30.05461 27.14869 29.0511
18.98728 19.08536 20.37412 17.40066 14.7424 8.756409 6.606129 6.13738 4.858463 5.600479 6.022696 10.9333 14.61157 22.07394 27.90168 22.84407 20.8924 23.04689 29.98759 42.90805 38.9568 28.15107 25.98909 25.44412 30.67445 25.92978 29.96022 37.5127 45.90501 50.29251 47.57776 41.4361 41.35953 42.3609 48.28854 42.37992 37.31839 33.79347 23.94231 18.86181 8.451577 7.565631 15.455 23.5431 40.33939 38.78215 39.83963 39.40936 35.74709 34.02636 18.11732 24.33394 32.69232 33.11049 34.38595 37.20771 39.26751 36.74258 26.97652 15.39138 22.51414 33.69479 35.32505 36.50535 38.79873
15.66624 14.99658 14.92529 15.14414 15.97247 11.03244 9.302045 9.16253 7.455504 9.109895 11.60355 15.72883 17.65557 22.71213 27.14427 21.36167 20.73684 24.21268 21.68618 44.28913 43.70541 27.38856 24.46749 22.3194 26.23297 21.74051 24.61756 33.31493 37.71647 36.95781 32.57084 34.05476 33.80012 37.42853 44.70884 37.87597 36.09164 33.75555 22.05269 18.85923 8.775123 6.04531 13.71552 21.69784 39.69587 38.5725 38.67345 37.31059 34.66472 31.56128 19.66731 28.93852 28.11344 21.09109 18.58462 19.04301 21.15461 23.55639 23.62422 17.54351 9.522798 12.5681 20.72919 26.25342 28.36186
14.06452 17.05724 17.85085 18.01811 18.94068 15.43242 13.92246 14.48358 12.15058 14.87312 17.48779 19.43268 20.21418 22.82656 26.44732 22.19781 22.34085 27.24201 15.52789 41.65212 44.69312 37.69298 30.63768 19.61858 23.48029 26.87409 24.34724 17.67981 15.01683 18.22492 29.01078 35.77811 33.01806 37.48325 43.91125 35.97526 35.52595 33.76231 22.28185 19.9646 11.03509 7.175602 12.3342 20.45735 38.79819 37.91257 37.50117 35.49311 31.57905 28.90649 22.69829 25.76182 21.51043 16.32195 14.38507 12.71253 11.62361 13.73316 17.31089 16.4274 11.43187 4.934196 13.70998 22.34681 26.89587
12.51864 17.1041 18.20135 17.93548 18.31612 14.65779 15.55568 20.06766 17.34358 18.26338 18.24036 16.82623 17.4121 20.80844 25.01203 22.09573 16.96224 19.97592 31.9295 41.7565 27.58384 29.42279 35.42439 30.24545 29.65431 28.65258 23.42454 6.725531 9.575069 18.78228 28.81704 35.18452 31.8781 36.53432 43.91226 35.83044 33.3462 31.80725 22.82186 20.99441 12.69439 9.099546 10.52277 18.62475 37.23498 36.34946 37.62092 34.9456 23.57673 23.44262 21.41795 20.28829 14.27816 9.239542 6.855998 6.071168 6.220747 7.843759 11.27242 12.9072 13.916 16.90816 14.18164 19.9646 30.4161
11.87651 16.89764 18.56691 18.76599 19.04023 15.80986 19.29734 24.76863 20.75276 20.79629 20.3049 18.02707 17.74391 9.738185 20.02544 31.56668 35.50508 42.2917 46.50934 44.33345 34.24107 15.35232 20.01047 28.18836 22.84335 16.16789 26.11487 15.03581 9.234179 20.0109 28.56224 34.65062 31.37602 35.38833 43.38064 35.49385 29.7131 28.55146 23.99528 21.88223 12.6993 9.341876 9.31428 15.73589 35.33421 34.71116 36.84 34.07656 20.01741 22.08531 20.6489 14.98816 7.803472 4.433861 3.610414 4.256982 4.648908 4.951663 6.616799 7.751997 10.84535 20.3049 19.35394 27.19728 33.49881
9.468127 13.90374 16.91005 19.77089 21.82551 18.73383 22.52298 28.34027 23.99914 23.02424 21.16165 15.60573 9.875476 15.17185 31.50181 41.98859 45.26806 43.07897 37.50822 31.57175 25.54934 25.14635 9.447735 17.54969 21.97046 14.13359 23.19762 17.93523 12.60591 20.40375 28.23087 34.86189 32.00713 35.18927 41.91941 33.97236 25.70062 24.06545 24.36776 23.23957 13.42817 9.272719 9.470738 14.40339 32.50542 32.59472 32.45098 32.21347 24.07698 20.29106 15.09257 10.43854 5.885129 4.365615 3.747684 3.709381 3.655354 3.870838 4.975194 4.99048 7.889537 16.68308 19.26382 32.1183 36.3343
5.650885 10.60812 13.99979 19.63328 26.34078 24.34708 24.85988 31.64771 27.5195 20.48072 13.56221 9.168479 22.02381 35.09896 34.97983 32.1183 34.16783 35.33421 34.73682 31.38341 29.03422 34.73324 34.36643 27.92056 22.52685 15.71114 18.41716 16.66086 17.0252 20.21611 27.10565 35.1717 32.94671 35.18604 40.18971 31.69617 21.53931 20.02717 24.32309 26.37618 20.66969 13.87337 10.75478 16.14736 28.7789 26.85257 25.90817 25.54629 18.73383 15.12471 8.941124 8.517914 5.561456 4.766604 4.26654 3.758555 3.591995 3.681775 4.326968 4.877248 7.974626 12.07522 15.2537 29.59661 32.18568
4.376096 9.094641 13.50208 20.9879 31.61906 32.27925 28.39739 35.56717 30.26549 10.67943 8.030826 22.88661 32.33901 39.06829 38.42088 35.88178 36.61269 36.5141 36.27035 35.02289 32.13149 34.0653 38.10882 33.61578 17.93548 16.52538 17.15609 17.37958 20.31341 20.57299 25.06897 34.11211 32.97354 34.56986 39.71106 30.76686 16.6765 14.89295 19.87354 24.37678 25.07478 22.09838 15.22341 17.02654 25.83224 22.04415 21.35929 20.62725 15.92845 13.9449 7.155974 7.84057 5.051153 5.016864 4.671818 3.861607 3.718994 4.014341 4.430416 6.361154 10.65281 11.77821 13.52567 27.59554 30.14696
9.497848 13.90067 19.72937 26.17102 36.59528 41.43308 40.08079 43.50368 33.7649 7.974626 13.80931 24.10818 30.18392 36.00044 39.27073 38.59725 40.69104 41.56664 41.74902 41.16743 39.60307 37.28292 32.0527 30.17288 24.13649 17.09559 18.12374 19.30144 21.20363 20.56379 23.13218 31.16007 31.02082 33.37409 40.06203 31.99601 14.19861 10.13628 12.15178 16.26127 20.59722 22.58127 16.70855 15.41071 21.76471 19.42478 20.90876 19.37026 15.61405 13.69785 6.67894 6.694758 4.218531 5.85929 5.517561 3.979918 3.713504 4.8006 5.94157 10.06664 14.87312 13.33235 13.7818 27.86679 30.47384
18.15779 20.47378 23.38116 27.38093 36.28367 43.02781 45.12923 49.37471 39.18927 15.46823 16.60722 31.07092 37.13845 40.90928 44.55264 42.50153 44.29025 44.16634 42.06423 40.65868 39.51346 38.81435 35.8834 33.52475 30.16378 18.14596 19.8123 21.87571 22.15732 20.19382 20.61975 27.13625 27.41864 31.65329 39.9694 33.09083 15.46823 9.656742 8.109432 10.42914 14.34636 18.26387 16.31744 15.67807 18.89018 19.22153 22.66108 19.27272 15.85194 13.95576 7.476995 6.647187 4.976215 6.949288 6.34845 4.78788 4.859509 7.041293 10.26927 15.96119 18.96284 15.66861 16.41734 29.32483 32.25035
23.7713 23.83399 24.41999 25.68657 32.17967 40.68883 45.94435 51.81831 41.0655 19.87025 23.82907 40.0485 43.70237 44.65227 47.26067 42.15879 39.37895 34.35206 27.41973 26.42653 28.29662 31.83101 32.92481 31.83163 30.32353 17.9207 20.54516 23.49952 22.26088 19.29119 17.91343 22.55537 23.20732 29.65372 38.66015 33.52147 19.63796 11.22913 5.824653 9.475436 14.59806 19.99418 23.56725 26.70895 32.14324 36.29159 37.73941 33.76268 29.25381 25.25476 21.0267 18.7433 17.11446 17.55998 17.38375 17.67369 20.90406 26.00584 29.31114 30.40328 28.42159 25.04477 25.23892 31.42805 32.32538
25.93499 26.03472 25.86935 25.82445 30.77763 40.03707 47.30484 54.33744 47.03324 36.65594 36.63131 45.88782 46.57648 43.836 42.00413 27.81271 17.65608 20.46578 18.53646 18.21191 19.72339 24.43894 26.66003 29.66843 31.69617 16.44499 18.87237 23.41966 21.0066 17.92747 15.98085 17.26894 18.33342 27.30237 36.00359 33.50944 23.40905 12.46356 4.289153 7.134178 9.710272 12.28133 15.21085 20.89731 29.69689 33.9971 33.59476 28.80892 24.31914 20.97915 18.05912 16.27004 15.02337 15.78291 15.60454 16.18639 20.80123 25.59379 26.17909 24.57665 21.23248 18.56619 19.28275 24.65739 26.25795
35.61548 36.18001 36.7891 37.0528 40.31561 46.92997 52.38062 58.15837 56.37696 52.39102 50.20384 51.9041 50.13341 44.86128 39.16537 26.69517 21.93091 26.58008 28.88822 28.5291 26.48766 27.0829 26.90148 30.19347 34.26765 17.89135 17.35794 22.23313 18.89135 16.20004 13.99911 14.42659 18.05117 26.11855 31.63055 32.23126 23.98453 12.78968 9.420996 8.339973 8.608027 11.33143 16.60308 27.47077 37.14445 39.65027 36.32008 31.87851 32.35394 34.78331 35.49003 35.70706 35.68314 35.5486 35.3184 35.74094 37.68377 38.2815 35.26118 30.70658 26.57264 21.6377 15.66358 20.08926 21.65408
25.18132 25.96117 27.03342 26.90892 29.85731 38.32798 44.81275 50.66514 47.94622 40.37676 37.09143 41.65156 40.80958 34.13285 30.25965 23.53256 22.16845 22.61061 21.61819 22.47594 21.86649 23.76398 24.23651 28.31067 34.3969 20.17559 13.21661 20.42002 17.81808 14.51797 10.51578 12.57575 19.921 26.0969 26.42479 29.47029 21.60335 8.842258 8.121123 7.709259 9.029503 11.91922 19.21374 32.74509 40.21146 40.52639 35.41502 31.54339 33.08765 35.16822 35.49802 35.71002 35.66998 35.48045 35.33219 35.83899 37.98859 38.09249 34.71169 30.34609 26.11796 29.63375 31.04529 18.4324 13.9893
22.83252 25.18366 25.98003 26.36444 28.72308 36.47421 45.29878 51.50692 49.19424 43.89154 42.27489 43.29119 41.00317 35.52237 30.63141 22.19913 20.02804 22.63257 22.53992 23.84874 22.7114 24.15695 25.18803 30.82903 34.17622 19.12067 9.066785 21.44936 21.54696 17.58669 13.74767 17.34358 22.19951 23.31017 19.8345 25.41294 21.53872 10.82549 7.759097 8.077344 11.26161 14.48748 22.21361 34.10749 37.54927 35.75692 35.23 42.40089 49.91579 52.02026 49.79442 46.73578 46.33296 45.20872 42.88587 45.74173 51.12907 49.05862 42.85106 37.62522 30.56007 28.48531 23.81906 19.9306 16.90897
23.42593 25.27136 26.18539 26.53064 28.50047 34.11927 42.63623 51.62365 54.47616 55.68645 55.82126 54.34158 50.54866 47.34666 44.0792 38.22815 31.69649 30.89923 31.57249 31.75892 28.57974 28.4695 29.40785 38.4579 38.71049 21.44877 13.54079 22.81951 26.60182 23.0121 22.98583 26.0365 20.93165 16.03764 13.24547 22.45449 24.85399 18.71606 15.44658 15.80049 19.88689 23.83416 30.79526 39.56937 41.45074 41.1438 44.26357 46.2709 48.2825 47.62963 49.46214 52.97137 57.11768 60.70776 62.31005 61.2065 57.27634 50.62751 44.48251 39.5554 32.64978 13.57763 26.40904 35.60788 24.46831
18.21314 24.36284 28.4806 25.43844 23.86245 26.72371 31.91366 38.6536 41.34898 44.41554 46.65899 46.66913 44.05403 41.52402 39.09612 39.18274 34.44074 27.27647 26.30531 30.66485 26.77979 30.10264 33.79707 42.56887 40.99184 19.38657 8.483933 17.06497 25.80645 25.27958 30.35327 30.65032 13.92587 10.50925 12.48478 19.86434 26.23297 27.9911 26.77922 21.8709 22.77552 24.96816 31.01294 38.81624 37.90649 35.58737 38.18953 29.58052 20.167 16.07671 19.74285 45.18687 53.88354 53.17402 48.66589 39.01948 18.48236 18.84326 21.24869 22.57026 25.56229 21.69318 36.96078 39.24235 28.39534
29.03632 35.01158 40.26547 41.91902 41.48936 39.28483 39.86396 40.99712 41.69651 42.73342 42.50706 42.13008 41.23325 38.46012 34.55647 36.21912 38.72688 32.71502 28.96218 33.5379 31.60292 38.89824 40.12321 44.6997 42.44199 17.75735 5.076214 10.14211 24.56191 26.86312 33.56715 32.31366 11.91882 7.562982 8.094022 14.15497 24.08299 33.47849 38.01136 39.5196 39.81082 37.83569 38.70621 40.84144 35.57744 32.1229 35.55457 28.84774 24.20026 26.28595 38.53705 51.79438 44.53832 31.16191 17.50097 21.40746 23.2986 24.66673 26.10603 27.4766 32.74666 31.23719 38.68285 41.22672 33.66353
34.16268 36.4955 36.59264 34.53838 33.59672 28.54498 28.45674 28.16563 32.14835 36.83265 37.84661 37.61684 36.13848 34.00011 31.21635 30.61473 35.23068 34.29402 33.58428 35.9392 33.18918 41.85302 43.1077 47.95205 47.31422 32.21347 24.13783 8.531933 20.32532 25.31271 34.02636 33.27541 14.76687 8.296811 6.414856 9.327558 18.43022 26.43981 33.35484 40.13519 41.73389 39.29695 38.52453 37.51732 31.23503 29.06009 32.57512 26.16397 26.35341 27.36593 38.76766 48.857 15.70052 28.43464 24.37596 26.11266 28.01053 29.56345 31.44682 32.67353 37.13815 35.33598 39.5742 41.65976 31.34303
38.54104 41.05755 37.00682 24.02965 21.35373 23.21226 23.95578 21.84476 24.4885 27.82837 31.33145 32.01156 30.03454 28.27456 26.42479 28.82191 33.8605 35.17043 36.87983 39.08005 34.72705 40.53685 41.2579 44.32219 46.05141 39.40194 36.54173 21.25629 13.37092 20.06614 32.31659 32.99218 18.77166 11.63029 7.402848 10.0681 20.99441 24.07231 24.96374 26.58581 26.46981 26.64079 28.70159 29.91224 26.28595 25.52478 28.83889 23.35497 34.56881 41.56364 44.1578 41.39586 1.406821 30.89306 26.62282 30.80822 32.72134 34.01315 35.70082 35.20528 38.97895 37.55951 39.09432 35.32438 18.60828
40.2731 40.51138 31.80819 16.21225 18.32757 21.194 21.55343 21.06197 25.19255 26.45135 26.58581 25.59197 24.05091 23.93608 25.11757 29.20715 32.85893 32.99363 34.89638 40.68793 38.80847 42.42834 43.46816 43.48605 42.50074 35.32715 39.98633 30.56243 7.568943 12.26758 29.74006 31.96 23.51129 17.13568 10.30222 13.19925 24.48118 24.51631 20.89485 20.16077 19.61123 21.0196 24.19728 26.33483 23.13962 22.21304 25.91547 26.1534 44.64787 46.99099 29.80797 15.73001 20.14572 29.30423 27.09012 34.89077 36.1328 35.44276 36.33051 38.46267 43.78912 39.21043 33.11675 22.06484 8.276949
39.55778 35.03154 22.84335 11.69228 15.58669 16.72687 21.33942 25.0674 27.09192 25.86457 24.59299 23.82381 23.29018 23.61477 24.93843 28.77727 32.83152 32.19159 32.47262 39.84425 39.05332 42.26302 43.3943 44.21449 44.25127 39.35971 45.48764 39.07865 16.14736 5.360083 27.01294 30.60049 26.99035 23.26278 16.63365 19.44622 26.61225 23.40156 17.83876 16.29517 15.59145 18.31174 22.44543 24.51761 21.06035 20.37179 27.17811 34.13936 43.49117 33.99026 20.85817 26.68067 25.06897 23.94097 25.00115 37.69443 38.41589 36.17434 37.70893 40.32192 40.66276 26.90106 18.44424 10.07055 4.289153
35.39997 25.85365 13.53552 11.41655 12.58148 21.67938 32.21825 37.26654 37.6744 34.85912 32.21418 32.1609 34.7667 35.71363 32.99916 32.57084 37.0178 41.03667 43.75949 48.46278 49.61321 52.00903 53.09639 53.97466 53.27501 48.32738 51.85048 45.0504 29.07707 14.58453 20.55458 30.17207 33.00624 33.30085 30.81487 29.95217 28.91208 23.46884 19.96721 19.56746 20.46641 22.88661 25.55178 26.18847 26.79957 35.72454 42.06931 38.14968 23.65255 25.15979 32.84572 32.43984 32.92569 32.89254 30.06619 40.35475 42.92432 42.42439 43.36307 38.53444 31.90506 14.53804 9.237934 6.009253 3.507171
