example/example_data/dav_dem.txt
ncols         160
nrows         186
xllcorner     502310.48681151
yllcorner     6496008.1508163
cellsize      100
NODATA_value  -9999
[rows 41 to 81 of 186, columns 0 to 92 of 160]
0 0 0 0 0 0 0 0 0 0 0 0 0 0 0 0 4 17 50 97 120 223 260 314 327 380 429 477 519 583 604 668 694 783 849 914 954 1050 1083 1153 1154 1127 1120 1120 1059 1021 971 966 964 951 928 913 884 852 802 781 729 715 670 658 640 589 641 681 677 666 651 610 586 556 546 550 556 594 616 720 771 925 1017 1066 1102 1156 1175 1201 1195 1157 1142 1085 1047 997 940 907 824
0 0 0 0 0 0 0 0 0 0 0 0 0 0 0 0 4 15 51 98 123 225 262 324 336 389 436 487 533 597 620 687 717 815 848 941 988 1045 1085 1099 1092 1075 1059 1047 1017 987 913 908 878 880 841 825 806 768 721 703 648 633 599 597 502 539 600 641 635 622 607 570 551 528 524 543 555 607 634 754 805 965 1072 1144 1182 1196 1196 1182 1170 1124 1108 1052 1011 967 917 887 806
0 0 0 0 0 0 0 0 0 0 0 0 0 0 0 0 4 19 52 103 126 223 256 320 334 394 439 491 541 607 629 699 728 824 858 946 995 1038 1052 1047 1040 1028 996 989 970 944 850 835 792 768 760 747 717 692 660 623 573 511 433 425 448 487 547 597 591 579 566 535 517 515 528 556 569 628 659 788 839 1020 1131 1199 1224 1203 1193 1153 1139 1089 1071 1011 972 926 880 857 791
0 0 0 0 0 0 0 0 0 0 0 0 0 0 0 0 4 29 60 110 135 224 249 311 329 395 441 490 543 613 632 703 728 822 853 939 980 1004 1005 999 992 981 936 920 906 888 809 784 735 717 671 668 634 610 581 554 428 406 384 382 401 421 498 538 544 533 525 513 512 527 546 569 597 665 703 843 895 1051 1155 1216 1227 1190 1174 1120 1099 1051 1035 977 938 894 850 830 774
0 0 0 0 0 0 0 0 0 0 0 0 0 0 0 0 11 39 72 117 141 223 244 303 323 401 453 497 541 614 634 701 722 812 842 921 951 962 961 956 952 945 886 853 836 825 752 714 684 665 617 595 559 534 510 449 381 369 356 358 384 399 459 494 505 503 502 516 523 555 576 603 634 728 777 901 942 1067 1113 1207 1205 1174 1139 1086 1064 1016 1001 955 935 866 819 803 755
0 0 0 0 0 0 0 0 0 0 0 0 0 0 0 5 30 48 83 129 151 223 242 297 321 405 460 504 546 612 632 699 720 797 826 892 909 917 920 912 907 901 857 789 763 750 701 665 601 607 574 550 491 446 401 368 344 341 353 361 398 415 459 484 502 508 512 538 551 592 618 647 677 797 837 949 981 1077 1114 1180 1165 1132 1101 1055 1038 994 984 956 940 867 820 802 750
0 0 0 0 0 0 0 0 0 0 0 0 0 4 10 30 41 59 89 144 160 220 238 294 321 409 461 510 554 613 633 697 717 780 803 853 867 876 878 863 851 843 818 777 717 685 658 638 563 554 524 509 440 392 349 322 325 331 371 385 429 446 491 512 532 547 552 570 590 642 666 702 765 855 885 986 1017 1093 1120 1153 1130 1103 1080 1042 1030 999 991 970 960 912 870 854 793
0 0 0 0 0 0 0 0 0 0 0 0 4 6 20 48 55 69 96 161 178 219 235 294 322 414 468 516 557 615 635 688 706 758 773 810 822 828 829 805 789 779 761 737 691 631 608 603 538 513 464 452 391 352 319 304 330 340 401 419 480 526 588 599 629 646 658 696 711 745 775 790 830 900 925 1008 1036 1109 1130 1136 1112 1095 1080 1049 1040 1013 1005 984 974 939 911 898 849
0 0 0 0 0 0 0 0 0 0 0 0 4 14 33 63 66 79 102 173 193 227 241 298 324 416 472 519 559 615 636 667 676 720 733 748 768 774 764 748 732 718 692 677 648 609 546 546 514 487 415 398 348 318 303 313 342 379 493 515 582 607 650 667 685 709 723 757 771 810 823 845 875 937 959 1027 1049 1116 1138 1139 1115 1108 1099 1102 1081 1040 1031 1001 994 963 932 917 878
0 0 0 0 0 0 0 0 0 0 0 0 21 28 39 73 76 87 107 175 200 238 250 302 326 414 472 517 557 614 634 632 628 646 657 685 696 711 706 686 672 655 623 608 590 564 508 499 469 450 376 353 316 300 314 341 419 464 561 586 652 668 700 716 736 759 772 817 831 865 868 881 912 964 984 1042 1064 1123 1144 1169 1173 1177 1170 1160 1144 1157 1143 1095 1082 1043 1021 1013 925
0 0 0 0 0 0 0 0 0 0 0 15 27 31 38 73 81 94 119 174 199 248 260 302 326 410 469 514 554 607 620 604 590 581 591 613 625 630 645 624 608 589 560 543 532 516 469 455 415 400 334 322 298 311 337 385 518 550 624 647 703 715 743 758 785 807 822 862 868 895 901 918 943 981 997 1055 1076 1141 1160 1212 1233 1239 1233 1203 1195 1157 1143 1095 1082 1043 1021 1013 925
0 0 0 0 0 0 0 0 0 11 25 20 34 40 44 70 95 110 138 178 194 258 275 295 308 389 446 492 534 566 556 532 509 450 445 452 460 469 472 462 455 447 422 407 396 386 335 325 285 278 260 265 299 351 415 492 635 685 755 757 790 799 828 848 868 871 877 905 911 933 961 988 1062 1036 1052 1143 1207 1268 1293 1310 1323 1312 1295 1273 1263 1223 1209 1181 1169 1149 1138 1129 1072
0 0 0 0 0 0 0 0 0 11 25 20 34 40 44 70 95 110 138 178 194 258 275 295 308 389 446 492 534 566 556 532 509 450 445 452 460 469 472 462 455 447 422 407 396 386 335 325 285 278 260 265 299 351 415 492 635 685 755 757 790 799 828 848 868 871 877 905 911 933 961 988 1062 1036 1052 1143 1207 1268 1293 1310 1323 1312 1295 1273 1263 1223 1209 1181 1169 1149 1138 1129 1072
0 0 0 0 0 0 0 0 0 4 21 30 35 41 47 61 86 114 136 169 180 226 241 268 271 304 324 339 362 370 369 359 365 326 314 294 289 293 296 301 301 302 277 270 253 234 219 220 229 237 275 299 401 475 531 606 731 787 873 885 884 890 909 919 926 949 955 976 980 1002 1091 1128 1162 1207 1224 1299 1335 1432 1422 1389 1373 1360 1341 1322 1318 1286 1274 1249 1237 1231 1226 1208 1129
0 0 0 0 0 0 0 0 0 4 21 30 35 41 47 61 86 114 136 169 180 226 241 268 271 304 324 339 362 370 369 359 365 326 314 294 289 293 296 301 301 302 277 270 253 234 219 210 234 247 292 318 438 529 583 638 767 813 926 941 949 951 947 954 970 985 996 1018 1024 1046 1147 1197 1243 1288 1302 1377 1415 1507 1457 1422 1401 1386 1372 1349 1344 1328 1306 1273 1267 1268 1270 1244 1157
0 0 0 0 0 0 0 0 0 3 17 32 41 47 50 54 69 89 115 140 149 180 184 184 186 194 208 231 246 250 243 222 220 213 213 208 205 193 195 195 195 194 195 200 198 202 222 226 258 274 316 337 460 545 603 651 755 800 943 973 1005 1004 994 1000 1015 1027 1036 1067 1070 1152 1215 1283 1358 1440 1406 1553 1562 1558 1536 1453 1428 1409 1395 1373 1365 1358 1346 1308 1299 1296 1269 1243 1166
0 0 0 0 0 0 0 0 0 3 14 36 40 44 47 54 64 80 98 121 130 158 159 154 153 155 161 167 169 180 182 175 173 176 178 177 175 173 172 172 172 171 171 186 202 217 257 274 355 378 396 399 475 548 605 655 739 771 920 970 1050 1038 1048 1054 1065 1077 1082 1121 1128 1213 1361 1493 1525 1513 1522 1554 1561 1553 1545 1491 1451 1431 1416 1398 1389 1378 1371 1328 1317 1285 1241 1218 1154
0 0 0 0 0 0 0 0 0 3 8 33 40 41 43 55 63 72 84 105 115 132 134 134 132 125 126 130 135 147 146 142 145 154 155 153 152 157 155 158 158 159 180 202 226 250 306 329 408 432 478 480 508 558 611 661 733 762 879 926 1057 1058 1080 1093 1107 1126 1137 1180 1196 1264 1460 1519 1504 1495 1500 1511 1514 1518 1518 1513 1488 1455 1444 1421 1413 1398 1386 1341 1319 1253 1210 1190 1132
0 0 0 0 0 0 0 0 0 0 5 23 40 40 41 51 55 63 74 90 97 117 121 120 115 104 103 109 113 118 119 122 125 135 136 139 142 146 149 152 158 165 201 239 276 300 362 388 462 483 525 533 555 583 627 669 734 758 850 887 1017 1063 1183 1145 1165 1186 1199 1254 1268 1325 1475 1484 1467 1460 1462 1468 1470 1476 1481 1500 1507 1497 1474 1455 1448 1414 1398 1338 1311 1233 1188 1166 1097
0 0 0 0 0 0 0 0 0 0 4 18 38 36 37 45 53 66 77 92 97 102 105 106 103 96 97 101 105 110 112 116 117 128 130 135 140 144 148 156 162 169 220 277 332 365 408 435 503 519 561 569 585 608 641 679 741 763 841 872 976 1013 1192 1259 1215 1250 1334 1448 1448 1442 1444 1441 1430 1428 1430 1437 1440 1452 1459 1487 1510 1537 1560 1503 1480 1421 1403 1337 1310 1231 1179 1154 1079
0 0 0 0 0 0 0 0 0 0 3 17 31 32 33 41 54 67 78 107 114 102 97 95 95 97 100 103 105 108 109 112 112 123 125 131 136 144 146 154 161 171 239 310 382 422 452 469 535 553 580 586 610 630 660 692 749 770 847 875 964 996 1141 1190 1247 1426 1449 1443 1437 1418 1414 1410 1407 1408 1411 1419 1423 1437 1445 1484 1517 1545 1575 1520 1495 1432 1410 1346 1319 1243 1188 1158 1074
0 0 0 0 0 0 0 0 11 0 3 15 32 35 34 47 54 67 82 120 130 112 108 97 96 103 107 104 101 107 110 115 114 120 122 129 136 142 144 158 169 186 311 398 469 518 543 548 576 594 627 631 653 672 697 730 791 814 885 911 973 994 1070 1097 1216 1272 1287 1352 1356 1366 1375 1382 1387 1392 1395 1409 1414 1432 1442 1496 1537 1567 1593 1550 1529 1450 1428 1370 1349 1277 1235 1214 1147
0 0 0 0 0 0 0 3 17 1 0 9 33 39 42 54 63 74 88 121 127 115 110 101 100 109 113 111 109 118 120 120 120 122 124 134 139 142 153 182 199 218 311 398 469 518 543 548 576 594 627 631 653 672 697 730 791 814 885 911 973 994 1070 1097 1216 1272 1287 1352 1356 1366 1375 1382 1387 1392 1395 1409 1414 1432 1442 1496 1537 1567 1593 1550 1529 1450 1428 1370 1349 1277 1235 1214 1147
0 0 0 0 0 0 3 10 20 3 0 7 29 37 44 63 75 84 93 115 120 120 119 120 124 135 138 143 149 160 163 163 165 170 171 174 172 192 206 254 274 300 399 473 535 595 643 637 621 626 650 659 690 717 749 782 835 855 919 943 1010 1032 1100 1144 1196 1241 1256 1291 1305 1342 1357 1370 1379 1394 1399 1414 1420 1456 1474 1528 1567 1598 1623 1654 1616 1496 1467 1398 1380 1326 1287 1270 1230
0 0 0 0 0 0 3 10 20 3 0 7 29 37 44 63 75 84 93 115 120 120 119 120 124 135 138 143 149 160 163 163 165 170 171 174 172 192 206 254 274 300 399 473 535 595 643 637 621 626 650 659 690 717 749 782 835 855 919 943 1010 1032 1100 1144 1196 1241 1256 1291 1305 1342 1357 1370 1379 1394 1399 1414 1420 1456 1474 1543 1581 1615 1648 1688 1654 1512 1481 1419 1401 1349 1315 1300 1304
0 0 0 0 0 0 0 0 2 15 15 17 39 47 55 73 93 118 128 146 154 170 172 169 167 182 196 201 212 241 244 251 254 276 277 261 252 256 278 329 351 375 471 545 609 665 733 752 781 765 712 726 748 766 790 819 873 893 950 966 1031 1056 1131 1177 1197 1223 1234 1271 1283 1314 1331 1348 1368 1399 1412 1449 1459 1492 1507 1555 1594 1632 1671 1727 1733 1540 1502 1440 1423 1376 1355 1341 1383
0 0 0 0 0 0 0 0 3 14 28 41 46 58 68 83 113 140 153 169 182 218 221 204 200 219 249 252 252 297 304 318 316 330 331 313 295 280 296 351 375 401 501 568 628 685 762 784 855 873 807 811 804 807 830 852 905 924 976 999 1058 1078 1153 1175 1188 1206 1216 1247 1259 1294 1312 1334 1364 1408 1424 1466 1478 1511 1525 1576 1613 1649 1689 1755 1671 1627 1609 1453 1430 1411 1426 1400 1354
0 0 0 0 0 0 0 0 4 24 45 58 53 63 73 94 131 160 170 189 201 252 262 246 238 257 288 307 301 328 340 367 368 365 369 359 333 309 307 365 389 416 516 577 630 681 757 784 872 899 924 881 875 865 874 900 948 967 1071 1108 1140 1140 1164 1169 1177 1184 1188 1223 1238 1275 1298 1331 1370 1424 1442 1490 1501 1533 1548 1596 1625 1667 1632 1581 1567 1516 1542 1541 1528 1484 1469 1427 1364
0 0 0 0 0 0 0 0 7 38 60 67 58 62 70 94 137 171 182 207 221 266 279 279 274 293 317 342 347 352 362 397 400 399 399 401 373 344 328 369 396 423 519 572 615 661 736 765 865 902 956 930 937 976 983 955 1005 1040 1140 1156 1167 1171 1170 1163 1162 1164 1167 1199 1216 1267 1294 1332 1378 1437 1458 1514 1524 1561 1562 1499 1503 1509 1518 1512 1501 1483 1529 1546 1532 1482 1451 1444 1359
0 0 0 0 0 0 0 3 27 51 69 73 63 61 66 91 136 175 190 222 235 268 283 301 300 321 340 365 382 373 378 408 415 432 432 428 411 383 360 378 399 423 509 555 592 639 716 744 846 892 994 1016 1069 1092 1080 1071 1102 1114 1157 1163 1169 1175 1176 1157 1146 1151 1155 1185 1203 1254 1298 1339 1388 1460 1486 1535 1547 1555 1538 1452 1450 1446 1442 1439 1436 1443 1438 1540 1535 1472 1437 1421 1384
0 0 0 0 0 0 0 3 40 67 77 76 68 66 66 87 128 171 190 229 242 268 280 313 318 346 361 383 403 393 392 410 419 447 452 454 443 422 401 411 429 438 497 540 579 627 707 737 833 869 978 1005 1074 1120 1134 1114 1109 1115 1147 1153 1161 1166 1166 1151 1141 1146 1153 1176 1186 1228 1301 1355 1400 1487 1505 1519 1506 1468 1445 1386 1376 1374 1372 1372 1373 1391 1401 1417 1412 1458 1422 1407 1370
0 0 0 0 0 0 0 3 40 74 86 83 74 73 70 86 117 159 187 227 240 265 278 315 324 366 378 393 416 417 412 420 428 459 467 473 470 451 436 440 453 460 493 531 575 622 707 737 833 865 954 981 1078 1141 1127 1091 1088 1097 1131 1138 1153 1157 1150 1138 1136 1139 1141 1145 1147 1187 1257 1327 1398 1511 1530 1490 1481 1427 1400 1323 1301 1297 1295 1290 1294 1320 1333 1370 1373 1441 1406 1391 1350
0 0 0 0 0 0 0 3 35 69 85 85 75 75 72 86 110 145 179 225 240 267 280 313 323 370 382 395 415 428 429 437 444 468 477 491 495 488 469 456 463 470 498 534 582 634 721 751 838 867 948 974 1082 1116 1075 1051 1063 1070 1103 1113 1140 1145 1136 1116 1116 1114 1109 1100 1097 1122 1176 1249 1335 1462 1483 1476 1459 1377 1349 1257 1214 1200 1195 1191 1198 1233 1249 1302 1320 1358 1384 1376 1328
0 0 0 0 0 0 0 0 30 58 74 83 79 78 76 86 104 132 170 224 242 276 287 315 323 362 381 397 412 430 433 443 451 473 485 515 523 528 504 470 469 476 509 552 606 670 757 784 860 886 955 982 1091 1074 1028 1020 1033 1041 1079 1089 1118 1124 1107 1079 1075 1074 1070 1056 1052 1062 1121 1201 1308 1447 1470 1453 1424 1312 1278 1179 1123 1098 1094 1114 1126 1165 1181 1243 1265 1325 1354 1349 1301
0 0 0 0 0 0 0 0 17 45 61 74 82 83 83 84 95 122 161 221 240 281 292 316 325 349 373 400 415 430 437 453 460 486 500 541 553 559 549 497 488 493 522 563 627 698 778 801 875 901 980 1013 1077 1026 988 984 1003 1011 1050 1061 1090 1097 1068 1032 1023 1027 1024 1010 1005 1013 1067 1140 1252 1392 1412 1401 1366 1240 1202 1099 1050 1024 1058 1104 1112 1135 1148 1196 1215 1286 1327 1326 1275
0 0 0 0 0 0 0 0 6 29 51 66 81 83 86 86 91 114 151 212 231 279 292 317 323 339 365 397 415 422 431 458 469 497 510 560 582 596 592 552 545 550 541 569 630 698 780 801 869 895 983 1018 1038 976 947 949 969 978 1015 1028 1055 1060 1034 990 978 976 974 961 957 960 1015 1076 1172 1298 1317 1314 1285 1170 1133 1055 1046 1036 1041 1064 1074 1107 1121 1170 1190 1266 1311 1310 1253
0 0 0 0 0 0 0 0 5 15 45 58 80 82 87 100 95 112 141 201 221 272 285 310 316 330 354 389 411 415 423 455 466 504 515 578 621 658 676 677 664 647 592 585 621 668 753 776 833 856 964 990 933 884 873 873 890 901 937 946 970 976 964 915 881 884 879 862 853 861 874 947 1009 1121 1148 1165 1148 1057 1029 974 957 955 967 996 1008 1052 1067 1126 1147 1226 1289 1295 1244
0 0 0 0 0 0 0 0 4 11 38 51 75 81 86 107 104 114 133 190 209 260 275 300 307 326 343 371 399 412 417 452 466 504 515 578 621 658 676 677 664 647 592 585 621 668 753 776 833 856 964 990 933 884 873 873 890 901 937 946 970 976 964 915 881 884 879 862 853 861 874 947 1009 1121 1148 1165 1148 1057 1029 974 957 955 967 996 1008 1052 1067 1126 1147 1226 1262 1295 1244
0 0 0 0 0 0 0 0 0 6 32 42 57 67 73 95 104 113 125 167 185 232 248 281 290 312 336 363 386 410 413 429 438 477 493 562 620 666 706 729 726 717 673 622 608 639 709 734 804 834 954 960 854 803 778 767 791 805 846 858 890 901 917 884 818 793 789 768 757 751 756 771 822 938 956 983 977 929 907 867 884 884 893 924 942 1000 1020 1083 1121 1256 1291 1320 1289
0 0 0 0 0 0 0 0 0 6 32 42 57 67 73 95 104 113 125 167 185 232 248 281 290 312 336 363 386 410 413 429 438 477 493 562 620 666 706 729 726 717 673 622 608 639 709 734 804 834 954 960 854 803 778 767 791 805 846 858 890 901 917 884 818 793 789 768 757 751 756 771 822 846 854 866 863 838 826 774 799 847 854 875 913 976 996 1081 1127 1269 1304 1337 1310
0 0 0 0 0 0 0 0 0 3 5 11 29 42 53 81 93 109 115 145 159 199 214 261 273 302 332 361 389 409 414 432 444 480 498 561 601 647 685 751 767 777 732 692 667 665 715 740 826 858 911 912 812 722 681 670 690 703 752 770 820 834 864 863 819 741 713 650 661 681 639 676 709 762 764 764 760 744 738 716 713 758 813 836 877 948 976 1103 1148 1282 1312 1347 1330
