example/example_data/dav_slope.txt
ncols         160
nrows         186
xllcorner     502310.48681151
yllcorner     6496008.1508163
cellsize      100
NODATA_value  -9999
[rows 116 to 144 of 186, columns 0 to 64 of 160]
16.93079 21.60765 23.07999 27.70722 25.52188 17.71037 11.41697 0.6794125 0 0 0 0.2025703 0.9974465 1.768315 7.931886 11.74814 8.756409 5.5751 2.835487 7.599333 12.92315 10.99743 2.749428 1.114001 0 0 0.1012855 2.283896 9.121318 14.94597 19.54598 17.4958 25.1562 27.82863 35.71494 38.65571 37.84338 37.11401 16.38571 13.42959 15.7138 14.54128 14.25832 15.61999 14.97099 15.11019 21.99811 29.40026 23.61426 21.61604 20.83332 16.31744 15.30706 16.16874 21.68754 17.27603 8.741065 2.464943 1.118594 6.715039 11.78973 21.68385 23.29018 20.35546 20.22959
3.037407 6.761372 9.546125 23.81635 25.90682 20.97813 15.92439 4.637958 1.518928 0 0 0 0.6794125 1.331964 7.000477 11.2983 9.470738 6.908635 2.878434 7.336813 12.05439 10.8485 3.037407 0.9114934 0 0 0 0.8593723 5.994936 12.69439 18.86393 16.10879 22.33582 26.4773 35.81674 39.30684 41.08855 40.16972 14.79447 10.21938 15.06903 17.59593 17.05297 14.20559 9.636266 12.52978 22.09232 29.44842 23.63745 21.1014 20.34974 16.23948 15.43965 15.24269 20.14787 17.25002 9.302045 2.087132 0.1012855 9.327558 15.97044 23.65804 21.69026 15.93222 17.3012
1.351068 2.639336 7.96208 22.25807 26.59725 24.5431 19.61925 8.745614 4.486337 0.4051356 0 0 0.3038539 0.8653187 5.607708 10.6155 10.25251 7.705361 1.866953 4.887652 10.81646 11.32241 6.654761 3.169122 0 0 0 0.6794125 4.16874 10.56183 18.02657 16.14736 20.26718 25.95522 36.7183 40.40374 44.89009 45.26274 19.57216 15.13057 20.95205 24.11901 22.51801 16.45001 9.491599 14.00452 23.5009 28.7438 22.22957 21.45213 21.53146 17.78547 17.24976 15.87759 19.13657 15.88807 8.06063 1.421319 0.8712244 13.30514 20.04732 23.51389 20.02479 15.13181 18.57673
6.468878 7.450795 1.825334 15.97073 22.65323 25.1537 21.19139 11.07482 7.523116 0.9058504 0 0 0 0 3.823125 8.889882 9.804323 7.84057 2.44828 2.437808 8.614962 10.23187 8.775123 5.94157 0.9607894 0.3038539 0 0.3038539 2.446189 7.705361 15.09628 13.63946 14.97817 18.53934 31.70782 36.1567 44.01268 48.14894 25.33327 12.80542 15.90552 14.80999 14.71181 13.24367 9.218607 15.74178 22.73468 25.95998 20.14637 21.11915 21.74051 18.33317 16.3104 13.18876 17.18597 13.47667 6.000835 0.9171017 3.412752 17.31796 22.07697 21.45371 17.89938 14.79542 20.4782
7.377732 10.93509 7.667577 9.256682 19.43629 27.5195 23.85839 13.70894 10.63026 1.825334 0.2864765 0.5454231 0.8712244 1.154677 2.988215 7.412328 8.94612 8.149355 4.348092 1.268897 5.131899 7.935037 10.0681 8.545345 4.02575 1.747918 0 0 1.449879 5.957716 12.52978 12.41557 14.38965 16.16333 27.70963 32.88873 42.06024 49.05675 34.18299 15.85924 17.37567 14.64753 15.33077 17.27865 16.83924 24.33542 26.25999 27.36593 22.96919 21.39895 20.70268 19.42478 17.30382 13.51441 16.97057 10.81646 3.776153 2.363195 6.096084 19.88427 22.63916 19.43539 16.80234 17.26395 24.24626
6.271667 11.67609 11.92044 2.222559 14.13961 29.25077 26.54169 15.21422 12.96643 3.56347 1.648355 2.037474 2.087132 1.866953 2.58054 6.317373 7.559668 7.173502 4.976215 3.721736 2.749428 3.63155 9.146828 9.73058 7.568943 4.877248 0.6076908 0 0.6160724 4.029545 9.955979 10.81329 13.98829 15.23076 23.55552 28.24911 37.86959 46.93434 38.57332 18.98845 16.45447 15.57626 17.04977 21.84495 25.33652 31.21224 30.94498 31.52049 28.39072 25.18101 22.08759 19.52245 16.80832 15.56612 16.76615 7.295655 1.95539 3.601925 8.775123 22.51359 23.3128 18.65001 18.1573 21.86956 28.29507
3.576334 12.1847 14.00689 5.150652 8.158539 29.58899 28.5824 15.56254 14.11987 5.11506 2.295075 2.446189 2.077296 1.545682 1.794198 5.42868 6.274886 5.848056 4.702188 4.365615 3.591995 1.685242 4.566131 7.065523 8.862462 8.226768 3.037407 0.7089629 0.1012855 1.891483 6.983217 8.753001 12.85549 13.85456 19.88755 24.44286 33.77942 43.41543 39.17825 22.40687 15.3944 18.56691 20.14637 24.92908 28.83702 30.97483 28.92834 29.44481 26.86608 24.78734 23.7483 21.76007 18.73951 16.96493 14.15063 3.907541 0.9337243 6.852327 14.08266 24.77199 23.40103 19.3185 20.68629 24.65755 30.35099
4.803774 16.10164 16.4151 6.361154 5.873085 28.72271 29.11159 15.28056 14.41843 6.129144 1.518928 1.13226 0.8165352 1.154677 1.219456 4.365615 5.151637 4.77619 4.542678 4.149145 4.250998 4.477256 2.811949 2.1452 7.075474 9.263636 7.256329 3.314079 0 0.6794125 4.525851 6.703029 11.7469 12.7649 16.82813 20.65535 30.28745 40.28195 37.82425 24.10985 15.92903 21.27567 21.40786 22.58402 25.70893 23.88427 20.43416 24.07882 23.47387 22.72814 22.50179 20.59973 17.82489 13.28397 7.957685 1.406821 0.9974465 12.85363 19.54509 24.52054 22.7325 21.51417 23.41462 27.34218 32.21998
7.774562 20.36437 17.75913 7.254945 8.894351 27.094 28.16343 15.09783 13.77629 7.043435 2.538567 0.5905704 0.4297103 0.8165352 0.8653187 2.941671 4.076062 3.445503 3.103968 3.097377 3.677616 4.373769 4.189458 2.185395 3.26283 6.055333 9.065144 6.925361 0.7089629 0.3038539 3.480877 5.353458 9.900896 11.26723 15.04513 17.59824 27.27112 37.87045 35.87414 25.2695 18.67785 22.47945 21.3426 18.66049 19.42162 16.74298 16.13252 23.95427 23.317 20.3049 18.25237 13.91191 9.760453 5.016864 1.635874 2.295075 5.561456 18.25604 21.59357 22.7245 22.39963 24.33739 26.61211 29.99515 32.65988
9.851486 22.30129 16.10851 10.19289 13.78697 26.04715 26.91481 15.09875 12.61543 6.816982 3.876103 1.090747 0.7303412 0.7161599 0.8165352 1.685242 3.035724 2.399727 1.377367 1.866953 2.229458 2.612064 3.747684 3.646971 1.861458 1.718358 7.212603 8.554662 3.553431 1.057333 3.480877 4.8006 7.952658 9.619851 13.83299 15.63513 24.29675 34.7967 33.52475 26.58853 22.00783 22.11351 19.6733 15.06251 12.85326 12.48478 17.06657 25.81185 23.48895 15.87759 11.03996 5.105128 2.024868 1.145763 2.941671 5.841132 9.487952 20.05576 21.09251 22.51967 23.66883 27.31866 29.13403 29.69547 29.83654
10.92392 23.0435 13.82201 11.65738 16.66004 26.65761 26.822 15.38593 12.27151 5.643713 3.938724 1.449879 0.2264803 0.3202898 0.8165352 1.833734 2.976219 1.406821 1.505372 1.883342 1.320369 1.042684 2.481494 3.035724 2.719506 3.077518 4.476119 5.913419 5.051153 3.423207 3.610414 3.786942 6.194717 8.419089 13.00955 14.05914 20.80617 29.95929 29.07879 25.3155 22.07224 20.04732 17.58233 13.50455 10.3919 11.42847 18.08168 25.11053 19.93649 9.705188 4.95986 1.316481 1.861458 3.553431 5.857563 7.171401 9.443022 19.51168 20.67218 24.08984 25.68218 29.37793 30.25553 27.80567 26.4796
12.28918 23.48895 12.49903 11.69021 17.05217 27.12172 27.60886 16.63475 12.44539 4.006718 3.754482 2.220254 0.3651854 0.4051356 0.6794125 2.050002 2.499982 0.2025703 1.601049 0.9337243 1.01275 0.6160724 1.522298 2.406116 2.894374 3.483809 3.376658 2.762416 2.920746 3.314079 2.962448 3.072533 4.51685 6.766582 12.41751 13.2278 18.26338 25.23037 22.51064 20.88728 18.93134 17.65965 17.06897 15.55807 15.42338 17.33104 21.69706 22.91035 13.99742 4.289153 1.601049 2.371841 3.574907 5.939868 7.259788 7.15457 9.796271 20.14637 21.62795 26.01533 27.35474 30.46717 30.46208 26.32567 25.03218
12.03191 21.81529 12.03512 11.70513 16.86523 27.20733 28.52287 17.55998 11.60899 2.152348 3.494049 3.072533 0.9171017 0.1012855 0.5454231 2.437808 2.363195 0.6405596 1.825334 2.009637 1.730243 1.584966 0.8165352 0.6485165 1.474415 1.620137 1.331964 1.01275 1.232002 1.926363 1.866953 2.530493 3.591995 5.002675 10.68951 12.06721 16.78793 22.99871 18.45366 17.15582 19.57551 22.12259 23.1925 23.67192 25.39249 24.11785 17.22607 9.787204 13.171 16.76534 15.66358 14.47318 13.86927 15.13982 16.39048 17.71317 20.73105 26.25298 26.12738 30.14385 31.24593 32.48873 31.11849 27.24805 27.0227
6.857466 18.20135 11.34173 11.07041 16.4207 27.79079 29.26889 17.0423 10.2817 0.8165352 2.536551 3.350853 1.406821 0.2264803 0.5064147 2.723264 2.694947 0.9974465 1.362401 1.648355 1.811248 1.811248 1.923703 1.154677 0.7910154 0.9337243 0.8712244 0.5164432 0.7161599 1.219456 1.01275 1.742046 3.511534 4.156504 8.356695 9.804323 13.77216 20.35737 14.51116 8.956657 11.82215 15.28056 16.3042 16.92783 17.65225 13.70721 6.154639 7.884464 15.74913 17.59593 15.98518 14.2036 12.92315 13.85183 14.68787 15.95077 19.15199 23.317 22.69756 28.64715 29.48673 29.12091 27.5465 24.94761 24.85622
7.647957 14.45919 9.365158 11.01118 16.78793 28.42658 28.77288 14.98598 9.336576 1.518928 1.965839 2.989925 2.431503 1.721337 1.268897 2.330483 2.499982 1.114001 0.6160724 0.1012855 0.4176038 0.9974465 1.280959 1.090747 1.219456 1.377367 1.697359 1.316481 0.7303412 0.8351632 0.6794125 1.505372 3.864247 4.16874 7.278434 8.391815 11.39565 18.28831 13.33414 6.144783 6.991853 10.02941 11.03244 10.58222 5.361029 10.04706 20.02349 26.56161 28.74229 27.13514 22.52169 18.84326 18.11361 19.22153 19.8024 19.8024 22.14714 25.95522 26.15458 29.55485 28.53279 27.08734 25.00604 23.0435 23.11392
4.759135 10.26209 6.147248 10.75251 17.17091 28.53622 27.10565 12.00979 8.508554 2.857042 1.825334 1.847648 2.337062 1.891483 1.219456 1.223652 1.676096 1.449879 0.9974465 0.2264803 0.6160724 0.9337243 0.5729387 0.4529535 1.13226 1.236156 1.635874 2.406116 1.58173 0.6076908 0.8165352 1.648355 4.149145 4.452185 6.996885 7.549054 9.749832 16.23806 12.212 6.108503 7.063388 11.18739 11.97834 9.70773 5.361029 18.78582 27.28799 34.20562 34.68923 34.36643 30.47429 27.58734 28.3368 28.78478 28.55945 28.75973 30.61473 33.00963 32.2468 31.40414 28.25415 25.82699 22.52888 21.37298 22.55942
4.766604 8.175653 4.301007 11.4476 19.0701 28.05193 24.52931 10.07397 7.952658 3.162668 3.337111 2.700635 2.308417 2.762416 2.955539 2.672077 2.037474 0.7089629 1.114001 1.032802 0.6405596 0.2264803 0.5064147 0.2864765 0.5729387 0.1012855 0.7713214 2.734508 1.861458 0.4297103 0.8165352 1.685242 4.440741 4.78788 6.703029 6.985377 8.293805 13.51864 11.08406 8.049467 9.584352 13.14049 11.78438 4.880372 10.28504 22.75284 29.01967 33.14676 19.84833 21.25229 20.50783 19.99592 23.21314 23.74165 22.46411 22.76283 24.98395 27.33726 24.75535 22.23989 19.34327 18.98519 17.87853 19.99223 22.28839
3.648369 8.323216 4.027015 14.9919 23.46884 25.93335 19.68307 10.19289 8.432692 2.779026 4.029545 3.855 2.779026 3.293986 3.540482 3.15134 2.38904 1.632739 0.2864765 0.7161599 0.8712244 0.4529535 0.4176038 0.7910154 0.7713214 0.2264803 0.8102307 2.530493 2.337062 1.449879 0.7373295 1.219456 4.468155 5.112082 6.274886 6.591619 7.62894 10.99388 10.99255 12.76377 16.01691 16.51456 11.29141 6.336516 16.37366 23.95561 30.9142 36.02872 19.3069 17.87728 17.55869 18.8181 20.76267 20.95959 20.63391 21.31614 23.38883 26.25517 23.38883 19.33555 15.62949 16.60391 17.45984 21.21486 23.19744
5.585991 9.870982 5.3865 18.32002 26.21761 21.07634 13.94048 11.66279 9.302045 1.280959 2.499982 2.941671 1.362401 1.58173 1.721337 1.721337 1.825334 2.406116 2.310633 1.474415 0.5729387 0.8712244 1.377367 1.660742 1.316481 1.042684 0.8653187 2.337062 2.833684 2.220254 1.910344 0.8165352 3.743599 4.880372 5.978048 6.290953 7.115137 8.595877 7.018409 9.942611 12.91907 8.372787 1.825334 11.97834 22.16845 26.84413 32.38417 33.70436 14.70033 9.895419 11.45099 15.35717 15.8239 15.74737 17.30356 18.65121 20.65389 23.48895 20.01741 16.80832 15.28909 17.19944 19.05112 23.50939 24.62805
7.065523 11.84711 7.435298 20.82037 27.08221 15.89244 9.302045 12.73064 9.946574 0.9058504 2.672077 2.220254 1.632739 2.024868 2.247751 2.361028 2.554638 2.950346 3.175563 3.618883 3.463236 1.545682 1.185348 0.8593723 1.13226 1.532364 1.548994 0.7303412 1.902284 1.320369 1.794198 1.542363 2.58648 3.350853 5.238552 5.754737 6.107676 7.751997 7.517784 9.641901 7.270843 3.523142 8.441549 15.56433 26.05202 31.28503 32.49663 25.56458 9.082089 2.128428 6.04531 12.29231 12.64283 12.57422 14.46049 15.17 17.96249 21.4219 18.66144 16.08989 15.36717 18.53646 21.26768 25.98805 26.75899
7.66235 12.73855 9.91681 22.53293 25.89429 11.50773 6.85453 12.27779 9.407332 1.114001 2.592406 1.421319 2.050002 1.965839 1.825334 1.858704 2.371841 4.125753 6.584735 8.601086 9.134354 6.561733 2.164209 0.6794125 0.6485165 0.9607894 1.676096 0.2025703 1.252634 0.7713214 0.9114934 1.268897 1.632739 1.545682 4.094768 5.171299 5.31353 7.237623 7.559668 5.531316 1.118594 9.082089 11.46754 17.81984 29.09243 33.48687 30.00911 17.51645 6.155459 4.934196 8.277552 12.00254 12.46201 12.42332 13.59303 13.37805 16.64025 20.34549 18.67785 15.90116 14.36737 18.76292 21.45568 26.10088 27.02339
7.452814 11.70596 9.887446 22.2547 23.62663 9.67309 6.965913 10.88538 7.952658 1.362401 2.084677 1.362401 1.794198 1.296867 1.377367 1.934323 3.423207 6.801459 9.786699 12.23253 14.33354 13.34415 6.977454 3.138344 0.5164432 0.7713214 1.601049 0.9337243 1.0178 1.01275 0.2264803 0.5164432 0.6076908 0.5064147 2.715742 3.763978 4.295084 5.568737 4.26654 2.976219 6.801459 10.73839 12.20687 19.8731 30.29865 32.26313 26.74341 13.34594 8.148129 8.741065 9.182523 13.30944 14.85138 14.7424 14.96567 13.46465 15.17892 18.7537 18.1573 15.65173 13.95949 17.93047 18.97332 24.24841 25.36275
7.866683 11.00409 8.681122 21.32689 21.59259 8.368618 6.17512 8.809041 5.738885 1.432096 2.22716 1.994289 2.446189 2.433606 2.894374 3.786942 5.802897 9.040485 9.649069 10.88538 13.63946 16.91247 11.98036 6.822886 1.377367 0.8351632 1.377367 1.236156 0.9337243 1.685242 0.6160724 1.532364 1.236156 0.6485165 1.648355 1.669972 1.505372 2.283896 2.799192 7.077605 8.427962 12.42138 15.49705 22.79182 30.96562 30.63153 25.38387 14.05813 9.350349 9.540947 11.01517 19.16923 22.83613 23.26911 23.69366 22.12108 20.20304 19.65131 20.05663 19.56098 17.85312 20.03519 20.56128 23.89086 23.50939
10.61227 13.88464 12.32521 21.14495 18.90259 5.31353 3.15134 6.42507 3.742236 3.077518 3.710756 3.393249 3.891854 4.374932 5.214287 5.714138 8.349533 11.21002 10.56878 11.50266 11.80082 17.65327 17.04203 11.56247 3.666502 2.037474 0.9114934 1.518928 0.7161599 2.087132 1.114001 1.648355 1.13226 0.3202898 1.861458 1.833734 2.1452 3.037407 4.855325 8.995917 8.21888 14.295 16.69541 21.92172 29.58958 28.35466 23.64277 13.51159 7.353209 6.715789 9.546125 20.93512 22.50695 18.55948 17.93949 16.34446 14.96817 14.30852 18.22492 19.08744 14.80999 16.58183 17.59157 19.49663 19.26473
17.08894 24.23783 24.65675 23.76534 16.01547 5.315438 1.742046 5.142765 2.050002 2.627683 5.142765 8.246758 9.027305 8.763785 9.973774 12.23253 17.26973 20.75772 19.79205 18.91382 18.34534 23.26296 26.57221 22.20139 12.61962 7.212603 2.811949 1.331964 0.4297103 1.825334 1.320369 0.6485165 1.648355 1.095438 2.725141 2.310633 2.639336 4.056013 5.685719 8.905511 7.616454 14.22518 16.32448 20.93349 28.7007 27.24874 23.09048 14.0662 7.980891 9.229886 13.14376 23.50558 24.24841 20.02023 20.63725 18.84233 16.56304 16.62512 21.17974 21.02609 15.61613 16.95015 17.68287 18.78393 18.20455
12.80542 17.26763 17.71647 15.0591 8.455703 5.467748 2.337062 4.689197 1.358634 3.199601 4.658741 7.533768 7.485707 6.631251 8.032692 10.39898 16.54173 18.08986 14.59903 13.72486 12.68341 16.50623 24.20871 22.89543 14.03692 9.566293 3.136716 1.118594 0.3038539 0.9337243 1.351068 0.7910154 1.542363 1.032802 3.349329 3.56347 2.894374 3.666502 4.610467 7.931886 7.156676 13.25988 15.78437 20.68318 28.47983 27.24874 24.17223 16.82053 9.56681 10.91765 14.59903 24.1488 25.39187 22.46041 22.18427 18.71488 16.54201 16.51456 20.81544 19.58356 14.5768 16.64025 18.00042 18.89018 16.46562
7.47297 10.59379 10.83813 9.256682 6.361154 7.160185 3.955511 4.579477 1.232002 4.718376 6.673659 7.957685 6.777733 8.251596 9.742237 9.280727 13.90203 14.57422 8.334591 9.742237 9.710272 12.06441 22.28353 24.19495 19.12183 14.58002 6.755412 3.327917 0.3202898 0.7089629 0.7303412 1.215245 2.027396 1.522298 2.65672 3.488201 3.655354 4.291527 5.060189 8.401312 7.657773 12.86444 14.84286 20.0871 28.25687 26.90639 25.40218 20.44091 12.05559 13.70305 16.78793 24.17488 25.59395 23.7239 21.78693 15.84582 14.83117 15.29031 20.29873 19.74285 16.06724 18.39245 19.23365 15.41885 9.449828
9.584868 13.03564 13.64225 12.23253 9.76197 9.082089 5.653573 4.156504 1.460445 6.000835 8.624776 9.70773 9.575069 11.50308 11.53345 8.463358 12.64131 17.20498 11.70058 12.46085 14.11284 17.26894 25.60899 28.93343 27.23335 22.04377 13.80656 8.489216 0.5454231 0.5164432 0.1012855 0.5064147 1.724311 2.283896 2.126021 1.601049 3.035724 4.736655 6.383323 9.717893 8.371 12.07522 12.83123 19.09368 27.93229 26.57264 27.17604 25.81905 17.25397 20.05836 23.317 26.6828 27.94059 28.48009 26.86102 21.80334 21.41696 21.02934 24.19346 23.68014 20.70454 22.0375 20.40628 11.39565 1.822526
2.918995 3.933544 3.743599 6.129144 8.40665 7.377732 5.076214 3.778853 2.689248 6.685724 9.649069 11.27415 10.18903 4.975194 1.154677 0.7089629 11.33143 18.86205 9.518125 6.15792 9.602891 9.915318 18.70349 24.85161 28.30371 24.69279 17.98471 14.45039 2.779026 0.5164432 0.1432392 0.3202898 0.2264803 1.090747 1.794198 1.219456 0.8165352 4.16874 7.339549 10.13677 8.409613 10.90825 11.13148 17.80671 26.8165 26.6606 28.49092 29.87595 22.24458 23.26243 23.79749 22.95576 23.1895 25.56153 21.69687 10.57435 13.45369 14.84791 18.13955 16.83274 12.35528 12.87002 8.865264 2.631573 7.552372
