example/example_data/dav_dem.txt
ncols         160
nrows         186
xllcorner     502310.48681151
yllcorner     6496008.1508163
cellsize      100
NODATA_value  -9999
[rows 123 to 163 of 186, columns 0 to 92 of 160]
122 133 176 187 192 173 81 60 29 10 8 10 11 9 8 12 23 29 36 35 37 41 42 40 36 17 7 0 0 0 3 14 23 55 66 107 132 217 293 362 362 346 301 295 288 262 243 218 178 166 136 128 105 99 79 78 76 78 119 142 200 216 269 289 355 402 424 489 514 592 615 667 682 735 774 806 852 849 849 894 904 886 890 905 933 967 1018 1117 1137 1158 1163 1186 1222
130 150 197 202 189 173 87 65 33 14 10 10 10 10 10 11 21 24 28 29 30 32 33 40 39 30 25 0 0 0 0 11 18 45 56 98 116 196 267 331 334 319 274 261 239 234 226 203 148 133 100 95 82 82 81 79 78 87 142 161 216 235 295 318 395 430 447 499 520 583 602 645 659 720 767 812 860 922 938 933 943 904 883 882 901 931 979 1076 1096 1130 1142 1167 1199
139 170 217 219 183 166 89 67 35 26 13 11 12 12 12 12 16 22 25 25 25 25 26 35 36 34 32 7 0 0 0 12 18 40 50 86 102 173 236 288 296 285 249 235 216 208 199 175 119 104 81 77 77 79 81 85 92 107 159 177 233 254 327 352 426 457 468 503 519 563 574 602 617 683 740 795 853 943 971 1031 1020 941 912 886 892 913 951 1038 1057 1098 1112 1142 1185
147 186 229 229 192 170 91 70 38 26 16 13 12 13 12 15 16 24 23 22 23 22 24 29 32 31 30 18 10 0 3 13 16 34 45 79 93 151 200 245 251 248 227 214 204 197 175 146 94 84 75 75 79 80 88 98 106 122 171 191 255 279 356 382 446 470 478 503 511 538 546 578 594 664 722 783 845 963 998 1077 1079 999 968 926 915 924 953 1016 1037 1080 1095 1135 1190
149 194 238 237 197 175 93 70 33 25 20 13 12 13 14 16 22 25 18 17 22 21 23 26 27 23 22 17 15 10 8 14 16 30 40 74 86 136 173 201 213 214 202 190 186 183 156 118 79 75 71 74 80 86 96 104 115 132 184 207 276 302 385 409 469 487 493 509 513 527 535 572 590 662 719 779 846 966 1011 1122 1131 1048 1015 980 961 965 1032 1104 1129 1171 1178 1187 1177
153 195 239 239 196 178 96 70 30 28 22 15 13 14 13 15 21 22 20 20 19 22 21 21 22 19 18 16 15 13 11 17 20 27 36 66 77 124 155 171 184 185 172 164 150 141 121 91 73 72 72 73 83 91 110 112 126 146 200 223 298 325 410 432 493 512 515 525 526 531 535 571 592 671 727 787 858 983 1027 1159 1176 1102 1081 1055 1047 1018 1032 1104 1129 1171 1178 1187 1177
171 193 230 231 193 173 86 60 27 26 26 19 14 13 13 15 23 25 25 26 25 28 27 22 22 19 19 16 18 15 15 17 20 30 34 56 65 99 134 145 140 133 117 110 91 82 103 115 138 138 126 125 127 131 153 162 184 205 247 269 346 372 445 466 532 552 582 601 594 581 585 603 624 713 779 854 937 1066 1106 1174 1176 1183 1188 1182 1134 1125 1137 1183 1209 1268 1247 1183 1111
171 193 230 231 193 173 86 60 27 26 26 19 14 13 13 15 23 25 25 26 25 28 27 22 22 19 19 16 18 15 15 17 20 30 34 56 65 99 134 145 140 133 117 110 91 82 103 115 138 138 126 125 127 131 153 162 184 205 247 269 346 372 445 466 532 552 582 601 594 581 585 603 624 713 779 854 937 1066 1106 1174 1176 1183 1188 1182 1134 1125 1137 1183 1209 1268 1247 1183 1111
188 203 216 217 181 156 73 58 36 30 24 24 21 19 17 18 19 22 24 26 25 23 24 25 25 23 25 21 15 14 14 17 20 32 36 56 61 87 114 124 119 111 85 78 70 106 153 205 252 245 198 193 192 194 220 225 251 278 323 342 392 415 472 487 542 566 619 653 643 634 644 692 708 771 833 915 989 1024 1032 1066 1077 1125 1142 1197 1241 1212 1196 1257 1274 1249 1214 1123 1035
188 203 216 217 181 156 73 58 36 30 24 24 21 19 17 18 19 22 24 26 25 23 24 25 25 23 25 21 15 14 14 17 20 32 36 56 61 87 114 124 119 111 85 78 70 106 153 219 284 273 228 228 237 239 255 268 290 317 358 374 415 431 476 491 547 571 627 676 670 660 663 712 735 792 846 917 952 964 974 1022 1039 1087 1105 1183 1233 1250 1239 1253 1262 1235 1195 1102 1021
193 208 222 222 165 133 68 63 37 36 38 30 27 29 28 27 27 24 19 23 24 24 24 25 25 23 24 19 16 14 13 16 18 33 37 55 60 78 88 96 89 77 55 56 79 117 163 232 310 297 258 263 281 286 291 304 328 357 396 407 432 442 484 500 558 583 638 704 703 686 683 736 759 818 865 892 900 915 930 983 1002 1058 1082 1167 1196 1172 1170 1206 1215 1208 1171 1091 1027
187 204 218 218 154 121 78 73 38 40 40 32 30 31 30 29 28 26 25 24 20 23 23 22 21 24 26 26 21 18 17 16 18 29 35 48 53 70 79 79 63 52 51 60 94 137 180 257 320 311 285 292 312 317 326 337 359 388 430 437 453 459 497 516 573 597 657 725 730 714 713 763 784 842 856 856 852 872 890 953 974 1036 1065 1131 1117 1105 1115 1136 1137 1154 1151 1100 1031
176 193 212 210 139 109 85 78 38 42 41 32 33 34 34 33 32 31 29 27 24 20 20 18 20 23 25 28 22 21 22 17 18 26 30 43 48 60 68 64 44 42 60 70 108 160 219 273 308 305 304 311 332 339 352 364 382 412 446 464 480 484 521 540 603 621 668 738 748 751 748 768 785 828 826 812 802 829 850 919 941 1014 1046 1083 1061 1058 1054 1083 1089 1109 1113 1095 1046
162 180 200 194 122 99 88 78 43 44 39 35 36 38 38 37 36 37 35 36 34 21 18 19 20 20 22 26 23 23 23 21 22 25 26 38 42 50 54 44 44 48 73 84 130 189 257 292 300 301 315 325 347 355 374 384 399 432 467 489 504 509 551 569 633 656 695 744 755 770 770 768 774 795 778 763 751 788 812 882 905 992 1020 1022 1011 985 970 996 1010 1065 1080 1081 1050
149 167 179 171 108 92 82 73 45 45 39 37 40 41 40 39 39 44 53 58 59 30 27 19 20 21 23 26 26 24 22 23 23 24 24 33 35 36 40 38 53 62 84 95 151 210 276 308 315 318 328 339 364 374 393 404 419 447 480 508 526 534 575 592 658 680 715 748 756 772 774 766 763 751 728 714 716 757 779 853 880 957 963 970 965 926 909 958 976 1032 1034 1052 1039
137 156 163 154 91 79 72 65 43 44 40 41 42 42 42 44 45 55 70 77 88 53 41 22 21 21 23 27 27 23 21 24 24 24 25 29 28 30 36 41 61 69 97 111 170 222 281 313 326 332 338 348 388 399 420 427 435 458 492 519 547 558 589 605 670 692 723 750 757 764 766 757 748 717 689 682 695 743 766 832 856 906 911 915 872 845 874 922 954 1002 1005 987 982
120 142 148 136 79 70 66 61 44 51 44 43 49 49 49 53 54 69 79 91 105 77 58 27 24 24 23 26 29 25 22 29 28 25 26 29 29 33 35 48 67 75 122 137 199 247 302 330 346 348 361 376 437 452 480 483 492 493 518 551 582 592 631 643 687 703 729 745 746 729 716 690 683 651 641 658 688 686 683 728 757 779 782 747 727 793 844 866 870 884 886 879 851
92 118 119 107 66 64 67 62 50 56 52 51 55 57 60 64 65 90 97 110 125 102 83 39 33 28 24 27 29 27 22 29 26 24 27 35 34 39 43 55 72 79 122 137 199 247 302 330 346 348 361 376 437 452 480 483 492 493 518 551 582 592 631 643 687 703 729 745 746 729 716 690 683 651 641 658 688 686 683 728 757 779 782 747 727 793 844 866 870 884 886 879 851
46 52 53 50 45 51 64 60 48 56 62 74 81 79 80 97 104 145 149 154 165 158 145 86 69 39 33 29 28 30 30 26 25 21 22 32 36 44 49 59 76 84 122 140 197 248 300 340 365 372 398 415 480 502 550 556 547 547 571 601 620 630 666 684 723 728 728 717 706 654 629 580 571 537 583 613 626 574 558 608 617 628 627 637 659 675 681 683 691 709 706 689 665
46 52 53 50 45 51 64 60 48 56 62 74 84 79 80 97 104 145 149 154 165 158 145 86 69 39 33 29 28 30 30 26 25 21 22 32 36 44 49 59 76 84 122 140 197 248 300 340 365 372 398 415 480 502 550 556 547 547 571 601 620 630 666 684 723 728 728 717 706 654 629 580 571 537 583 613 626 574 558 608 542 548 546 553 567 577 582 587 594 609 607 599 588
13 14 14 13 28 37 57 52 46 54 70 89 102 110 113 121 124 159 181 182 198 198 188 140 116 65 54 29 27 28 28 30 31 24 24 28 29 36 42 58 79 90 123 134 190 239 285 341 388 399 442 455 517 544 609 615 596 597 619 654 672 676 716 723 724 720 703 655 635 561 528 457 445 434 472 475 479 461 440 463 467 470 467 465 475 484 490 499 503 518 522 525 476
4 5 4 1 23 32 51 49 45 53 67 85 108 124 125 121 122 160 193 192 209 222 220 175 149 90 75 35 27 29 29 28 29 29 29 31 27 33 43 61 79 89 116 126 179 226 277 334 393 416 473 484 538 564 630 637 623 622 640 673 691 701 728 729 719 709 679 616 592 523 497 408 390 395 414 414 411 392 380 398 395 359 389 382 390 399 410 424 426 444 396 348 371
0 0 0 3 26 34 42 40 39 46 58 75 97 119 119 116 121 160 195 199 209 235 237 210 188 113 96 47 29 28 30 28 29 29 30 33 30 32 43 57 77 87 112 122 170 214 272 325 395 429 501 519 552 572 639 649 646 648 665 685 706 715 725 723 701 691 661 588 561 495 473 384 350 360 359 352 341 335 330 286 283 251 242 225 229 241 250 260 256 276 298 319 346
0 0 0 4 33 37 34 31 31 38 52 67 81 97 100 111 121 165 199 210 210 243 246 234 220 141 118 62 33 27 29 29 31 31 29 32 31 29 40 53 72 83 113 125 168 214 271 311 390 424 508 531 567 575 637 653 664 672 688 694 713 719 715 709 674 662 632 564 539 469 450 365 330 288 296 279 262 244 238 229 227 207 198 187 188 198 208 217 223 261 287 311 330
2 0 0 4 32 36 30 27 26 35 47 64 74 80 86 108 123 176 208 217 214 246 254 254 242 167 138 75 39 27 30 29 30 31 29 30 29 27 36 48 63 73 109 123 170 215 266 299 353 412 503 530 576 582 626 647 673 682 695 697 705 711 685 671 626 610 579 537 516 443 422 337 306 242 238 224 207 187 181 183 186 173 170 166 162 161 170 190 213 262 282 299 303
15 5 0 2 20 26 22 22 23 32 42 55 66 76 79 111 131 196 223 219 222 248 262 273 263 188 158 83 47 30 31 30 31 32 29 28 27 27 33 41 57 63 100 114 169 215 263 296 353 406 493 523 577 583 609 628 672 683 686 682 669 663 624 605 548 534 509 477 470 412 387 299 268 202 191 179 167 150 146 150 153 147 147 148 147 137 138 167 206 261 271 278 293
19 10 3 3 10 14 8 10 22 27 37 48 60 72 77 111 136 209 229 229 233 254 262 273 265 199 172 94 54 33 32 32 31 31 29 31 29 26 28 39 52 59 87 101 162 208 251 292 352 400 481 512 575 585 595 604 655 672 671 658 625 612 564 540 489 471 447 416 405 355 333 245 213 169 155 146 134 121 120 120 121 132 139 140 133 121 121 146 187 242 257 274 329
15 20 4 3 4 4 4 1 20 26 35 47 59 70 78 110 134 214 239 243 245 262 265 257 248 199 176 101 62 37 31 29 30 28 26 31 31 28 26 36 45 51 73 86 145 191 234 281 337 391 471 503 569 580 592 590 617 631 636 629 589 571 512 493 443 427 403 364 344 284 266 191 164 136 134 124 112 103 103 97 99 117 124 127 121 108 114 135 169 229 252 278 367
11 20 11 4 0 0 0 4 15 25 33 45 62 76 84 108 128 206 239 244 247 253 256 249 238 192 175 106 66 38 30 29 30 27 25 29 30 29 27 31 40 46 70 80 129 171 217 266 319 375 460 487 556 571 589 582 559 562 565 568 547 533 484 467 413 397 367 324 301 234 209 145 129 111 113 109 98 89 84 81 86 102 110 112 108 108 120 136 168 227 252 283 389
5 17 13 5 0 0 0 0 12 18 33 45 67 89 94 108 119 180 218 219 218 229 235 242 233 178 164 110 72 44 33 31 31 27 25 27 27 27 25 27 38 44 65 74 119 137 200 245 297 352 431 456 525 541 569 564 521 500 504 505 492 483 456 442 385 370 337 290 269 193 168 122 109 98 96 96 89 80 76 71 75 89 98 107 110 114 122 141 175 239 265 294 398
2 14 15 7 0 0 0 0 13 18 33 46 67 96 100 108 118 156 180 182 181 200 210 232 228 173 155 114 81 53 36 32 32 27 27 28 26 25 24 25 34 39 62 71 109 127 185 224 275 328 396 418 477 499 537 536 490 445 431 436 423 417 400 394 353 334 300 252 234 163 141 102 94 86 85 87 80 70 70 71 74 92 101 125 126 128 130 147 177 249 277 307 404
1 13 20 16 0 0 0 0 14 22 35 46 61 84 88 104 117 147 155 157 163 186 194 218 219 170 149 112 86 60 42 34 36 32 30 28 29 26 26 24 30 35 54 61 95 112 159 183 218 251 304 322 379 392 372 375 363 343 316 284 247 241 237 236 244 235 202 162 148 96 85 74 75 76 78 76 81 75 76 86 92 110 121 166 181 187 177 182 211 283 310 339 428
1 11 20 15 0 0 0 0 17 27 37 45 57 71 75 97 111 147 144 146 156 181 185 205 210 170 147 107 87 66 49 39 36 32 30 28 29 26 26 24 30 35 54 61 95 112 159 183 218 251 304 322 379 392 372 375 363 343 316 284 247 241 237 236 244 235 202 162 148 96 85 74 75 76 78 76 81 75 76 86 92 110 121 166 181 187 177 182 211 283 310 339 428
0 3 19 17 0 0 0 0 5 8 30 43 54 61 64 92 111 141 138 141 158 180 185 199 200 178 158 107 89 72 60 48 45 34 32 32 33 33 29 31 32 32 46 52 80 91 129 149 154 157 182 198 254 264 269 261 234 220 204 187 159 150 136 133 126 121 107 89 79 67 66 78 80 97 111 125 118 113 106 102 104 118 126 156 169 200 210 224 244 297 324 356 448
0 3 19 17 0 0 0 0 5 8 30 43 54 61 64 92 111 141 138 141 158 180 185 199 200 178 158 107 89 72 60 48 45 34 32 32 33 33 29 31 32 32 46 52 80 91 129 149 154 157 182 198 254 264 269 261 234 220 204 187 159 150 136 133 126 121 107 89 79 67 66 78 80 100 127 153 154 142 134 124 123 126 131 151 161 192 209 229 251 310 336 366 464
0 0 5 3 0 0 0 0 0 0 17 34 37 48 54 100 122 142 141 140 156 186 196 211 209 185 172 125 105 92 75 55 53 50 47 35 32 33 35 35 34 35 44 48 66 73 99 101 91 85 87 97 134 146 167 166 151 135 120 108 94 90 85 81 75 72 71 69 68 72 75 75 76 97 140 182 193 177 167 150 145 150 154 167 170 188 211 233 264 332 357 383 475
0 0 0 0 0 0 0 0 0 0 9 18 28 37 46 92 115 148 153 146 162 193 200 208 207 193 181 136 114 96 77 59 57 53 50 39 38 35 30 36 36 37 47 48 59 65 86 85 74 65 63 67 95 108 132 134 122 106 89 79 71 72 71 70 66 62 63 68 69 72 73 78 81 97 139 198 222 211 199 184 179 180 184 189 191 196 225 252 283 347 368 389 467
0 0 0 0 0 0 0 0 0 0 3 5 12 29 38 77 95 145 156 150 167 211 220 214 209 199 190 146 123 98 81 65 62 56 53 45 44 37 34 35 36 35 43 43 50 55 71 70 57 48 45 46 68 78 102 104 92 77 62 56 55 59 63 61 57 58 64 69 70 71 72 80 83 97 110 192 238 243 230 222 221 214 214 213 211 206 233 270 295 345 362 380 446
0 0 0 0 0 0 0 0 0 0 0 3 4 21 30 63 77 126 149 147 158 212 230 241 233 205 194 154 129 106 88 75 69 58 56 50 48 44 41 36 36 36 36 39 45 47 55 50 42 38 36 37 46 51 68 71 62 53 47 48 52 54 57 56 59 61 65 69 69 72 75 83 86 99 108 177 229 252 254 248 248 248 247 244 240 220 230 262 296 335 351 368 420
0 0 0 0 0 0 0 0 0 0 0 0 3 18 26 53 64 108 136 140 142 181 203 242 244 225 209 165 140 116 97 82 78 68 63 56 54 48 47 42 39 37 37 38 38 38 43 41 36 35 34 34 36 38 45 47 44 43 44 48 52 52 52 52 55 56 60 68 69 75 78 87 91 99 108 163 207 243 264 265 265 272 274 273 269 257 239 248 293 333 346 360 397
0 0 0 0 0 0 0 0 0 0 0 3 12 20 25 47 56 99 120 126 129 147 163 222 236 246 233 181 148 125 111 94 91 84 81 73 66 55 51 44 42 40 40 39 36 36 40 39 36 38 36 36 37 38 40 41 44 43 48 50 50 48 48 48 51 52 58 68 70 79 82 93 97 109 117 163 205 246 278 297 297 293 295 293 288 281 262 251 284 331 341 352 384
