example/example_data/dav_dem.txt
ncols         160
nrows         186
xllcorner     502310.48681151
yllcorner     6496008.1508163
cellsize      100
NODATA_value  -9999
[rows 0 to 40 of 186, columns 0 to 92 of 160]
0 0 0 0 0 0 0 0 0 0 0 0 0 0 3 10 60 147 173 237 252 299 317 392 453 514 570 638 639 636 636 696 700 713 696 667 654 650 648 649 656 675 698 735 813 845 930 951 1022 1045 1122 1173 1223 1278 1388 1372 1299 1280 1221 1196 1128 1084 1016 992 893 850 745 668 616 606 606 606 612 657 689 793 841 889 933 1002 1023 1097 1121 1103 1088 1058 1050 1039 1032 1025 1026 1028 1045
0 0 0 0 0 0 0 0 0 0 0 0 0 0 3 14 66 164 190 259 277 323 344 419 475 535 593 663 675 681 683 696 700 713 696 667 654 650 648 649 656 675 698 735 813 845 930 951 1022 1045 1122 1173 1223 1278 1388 1372 1299 1280 1221 1196 1128 1084 1039 992 893 850 745 668 616 606 606 606 612 657 689 793 841 889 933 1002 1023 1097 1121 1103 1088 1058 1050 1039 1032 1025 1026 1028 1045
0 0 0 0 0 0 0 0 0 0 0 0 0 0 3 19 75 165 194 268 290 343 366 442 502 557 611 694 715 751 757 773 779 798 798 794 798 787 779 750 743 744 743 763 807 827 901 925 1002 1031 1110 1159 1203 1240 1324 1331 1274 1261 1208 1186 1116 1073 1024 962 862 830 796 695 624 608 610 633 648 708 738 830 889 946 995 1042 1057 1106 1126 1182 1172 1137 1122 1114 1107 1104 1104 1103 1120
0 0 0 0 0 0 0 0 0 0 0 0 0 0 3 19 75 165 194 268 290 343 366 442 502 557 611 694 715 751 757 773 779 798 798 794 798 787 779 750 743 744 743 763 807 827 901 925 1002 1031 1110 1159 1203 1240 1324 1331 1274 1261 1208 1186 1116 1073 1024 962 862 830 796 695 624 608 610 633 648 730 756 859 920 971 1009 1060 1079 1130 1147 1203 1222 1178 1166 1160 1155 1151 1146 1139 1116
0 0 0 0 0 0 0 0 0 0 0 0 0 0 4 31 79 175 201 276 300 346 365 450 505 561 622 711 734 816 830 839 847 871 880 889 891 893 893 895 895 893 890 879 888 900 949 971 1031 1054 1133 1177 1236 1302 1345 1321 1252 1234 1187 1171 1110 1060 1012 940 825 796 761 670 627 617 626 665 685 759 795 894 947 991 1031 1094 1112 1159 1175 1222 1241 1282 1268 1233 1218 1210 1185 1163 1104
0 0 0 0 0 0 0 0 0 0 0 0 0 0 5 33 83 171 197 274 295 344 364 445 502 560 626 718 741 829 860 874 879 910 910 928 937 942 944 942 943 946 946 950 957 965 999 1013 1071 1095 1160 1211 1270 1351 1350 1313 1243 1225 1180 1167 1110 1057 1005 938 825 798 769 671 631 625 643 686 708 795 835 944 992 1036 1073 1121 1137 1179 1192 1238 1256 1314 1349 1281 1276 1206 1174 1144 1074
0 0 0 0 0 0 0 0 0 0 0 0 0 0 5 35 81 164 190 267 286 338 357 435 494 557 625 722 748 835 871 935 936 935 949 958 970 985 988 985 986 993 996 1005 1012 1016 1042 1058 1110 1132 1189 1256 1343 1412 1364 1323 1245 1225 1179 1166 1107 1052 1001 939 831 807 782 684 636 637 663 714 736 848 907 998 1037 1074 1105 1150 1163 1200 1213 1257 1274 1335 1370 1354 1295 1194 1167 1140 1064
0 0 0 0 0 0 0 0 0 0 0 0 0 0 5 29 75 159 185 261 283 338 354 424 487 553 621 717 746 834 871 978 981 963 977 990 1004 1027 1027 1028 1030 1031 1038 1044 1050 1058 1085 1099 1170 1209 1319 1356 1434 1489 1420 1372 1269 1244 1182 1166 1104 1051 1006 951 847 817 793 695 651 659 691 743 765 911 954 1034 1055 1108 1134 1172 1185 1223 1235 1278 1293 1349 1374 1349 1279 1193 1168 1144 1067
0 0 0 0 0 0 0 0 0 0 0 0 0 0 4 22 66 157 185 262 286 340 355 421 482 549 618 713 741 833 871 991 1010 1020 1017 1020 1039 1076 1081 1074 1076 1077 1080 1088 1094 1102 1129 1147 1240 1287 1389 1451 1540 1580 1490 1434 1323 1284 1193 1170 1104 1060 1009 948 854 823 797 710 685 705 739 834 903 972 997 1069 1088 1136 1160 1185 1208 1241 1254 1303 1317 1366 1371 1326 1274 1204 1180 1155 1083
0 0 0 0 0 0 0 0 0 0 0 0 0 0 4 12 63 154 185 268 294 347 362 423 482 542 608 705 733 831 867 990 1020 1069 1082 1061 1080 1085 1100 1115 1130 1133 1138 1127 1157 1165 1201 1221 1311 1350 1468 1558 1588 1567 1447 1442 1367 1314 1196 1171 1108 1061 1003 934 835 805 782 751 742 818 818 947 969 1022 1042 1096 1113 1157 1183 1209 1234 1262 1279 1329 1343 1387 1373 1322 1287 1225 1204 1178 1100
0 0 0 0 0 0 0 0 0 0 0 0 0 0 4 11 67 151 184 272 297 358 373 432 486 540 599 695 726 827 863 982 1013 1075 1110 1128 1083 1117 1124 1120 1118 1123 1140 1164 1205 1220 1270 1291 1377 1425 1629 1594 1554 1518 1472 1450 1371 1315 1201 1178 1110 1062 983 904 801 778 765 770 810 870 965 1041 1058 1099 1114 1156 1170 1212 1242 1269 1292 1332 1345 1406 1435 1428 1373 1330 1301 1250 1233 1214 1157
0 0 0 0 0 0 0 0 0 0 0 0 0 0 3 9 62 149 181 271 296 371 390 446 490 538 595 690 721 815 853 967 997 1059 1088 1111 1142 1134 1098 1104 1107 1117 1203 1241 1299 1324 1342 1323 1416 1459 1613 1560 1516 1479 1428 1409 1348 1308 1208 1182 1110 1042 952 864 779 766 759 776 830 889 965 1041 1058 1099 1114 1156 1170 1212 1242 1269 1292 1332 1345 1406 1435 1428 1401 1330 1301 1250 1233 1214 1157
0 0 0 0 0 0 0 0 0 0 0 0 0 0 0 7 38 126 161 267 299 392 417 472 509 553 604 685 716 798 826 904 924 955 950 959 973 996 1003 1024 1031 1056 1088 1126 1193 1213 1257 1275 1367 1412 1543 1507 1469 1435 1386 1367 1310 1288 1214 1189 1111 1034 923 837 777 770 768 784 822 881 958 1060 1089 1149 1167 1223 1240 1288 1322 1354 1379 1409 1424 1499 1503 1438 1415 1357 1320 1290 1258 1220 1143
0 0 0 0 0 0 0 0 0 0 0 0 0 0 0 7 38 126 161 267 299 392 417 472 509 553 604 685 716 798 826 904 924 955 950 959 973 996 1003 1024 1031 1056 1088 1126 1193 1213 1257 1275 1367 1412 1543 1507 1469 1435 1386 1367 1310 1288 1214 1189 1111 1034 923 837 777 770 768 784 822 881 958 1060 1089 1149 1167 1223 1240 1288 1322 1354 1379 1409 1424 1499 1503 1438 1415 1357 1320 1290 1258 1220 1143
0 0 0 0 0 0 0 0 0 0 0 0 0 0 0 4 16 106 138 239 275 371 401 473 520 567 615 686 709 755 766 801 817 839 844 852 867 877 869 921 943 987 1027 1074 1154 1177 1218 1232 1320 1372 1510 1474 1433 1398 1350 1334 1272 1254 1201 1179 1106 1044 949 873 813 800 792 804 834 881 948 1059 1085 1156 1182 1255 1277 1337 1371 1406 1435 1485 1508 1521 1508 1444 1420 1366 1303 1271 1233 1212 1149
0 0 0 0 0 0 0 0 0 0 0 0 0 0 0 4 16 106 138 222 259 356 384 461 508 555 601 664 685 718 723 742 764 793 798 808 763 808 823 882 909 965 1012 1063 1143 1170 1238 1258 1333 1381 1504 1465 1422 1386 1337 1320 1255 1237 1190 1172 1113 1064 987 918 849 834 822 824 851 891 951 1053 1081 1159 1188 1269 1293 1352 1386 1422 1453 1503 1518 1498 1476 1404 1390 1307 1283 1261 1232 1213 1153
0 0 0 0 0 0 0 0 0 0 0 0 0 0 0 3 10 76 105 203 241 336 364 443 484 529 575 632 652 681 685 692 693 698 691 702 729 777 791 851 878 945 997 1052 1136 1166 1262 1291 1391 1437 1506 1460 1415 1376 1327 1310 1249 1225 1177 1161 1110 1079 1046 1014 908 887 870 862 879 906 946 1055 1092 1176 1206 1284 1309 1367 1401 1436 1469 1508 1506 1461 1438 1374 1357 1279 1244 1224 1206 1193 1141
0 0 0 0 0 0 0 0 0 0 0 0 0 0 0 3 5 60 87 188 225 317 344 413 454 498 547 616 634 655 658 664 666 667 666 676 712 769 784 834 858 934 990 1055 1147 1179 1288 1338 1454 1497 1528 1461 1410 1372 1318 1303 1242 1220 1167 1154 1108 1086 1075 1066 1020 1010 1002 990 928 943 972 1073 1107 1201 1227 1299 1323 1384 1419 1454 1486 1518 1499 1434 1408 1349 1329 1274 1214 1182 1159 1146 1099
0 0 0 0 0 0 0 0 0 0 0 0 0 0 0 0 6 51 76 178 214 302 324 386 427 474 524 595 612 640 646 664 664 662 661 668 706 768 786 837 861 932 998 1063 1165 1194 1289 1328 1475 1518 1546 1470 1405 1367 1318 1300 1241 1219 1172 1156 1121 1101 1097 1093 1095 1095 1095 1073 1058 1077 1082 1118 1142 1219 1244 1314 1338 1399 1436 1472 1508 1519 1496 1412 1387 1325 1302 1242 1209 1191 1121 1100 1044
0 0 0 0 0 0 0 0 0 0 0 0 0 0 0 0 6 44 68 168 205 289 311 362 400 450 503 569 583 623 636 669 674 670 673 686 719 793 817 863 886 946 1011 1078 1163 1188 1270 1314 1478 1512 1513 1454 1400 1366 1316 1302 1241 1222 1179 1166 1133 1121 1115 1111 1121 1126 1131 1129 1117 1122 1122 1172 1188 1240 1263 1325 1349 1412 1449 1488 1529 1507 1477 1387 1362 1293 1270 1210 1178 1160 1092 1068 1002
0 0 0 0 0 0 0 0 0 0 0 0 0 0 0 0 6 44 64 156 191 273 293 346 383 432 487 548 564 610 626 659 674 701 719 735 769 840 860 911 929 983 1032 1093 1171 1190 1264 1296 1375 1399 1463 1432 1397 1367 1319 1302 1243 1226 1189 1177 1150 1136 1127 1124 1136 1146 1155 1163 1157 1161 1171 1208 1219 1261 1280 1340 1360 1426 1465 1510 1571 1505 1464 1369 1342 1263 1239 1175 1137 1122 1087 1071 970
0 0 0 0 0 0 0 0 0 0 0 0 0 0 0 0 7 53 74 144 175 260 281 341 380 426 479 540 556 616 633 675 694 746 775 813 853 884 900 971 999 1042 1083 1137 1200 1211 1244 1268 1326 1345 1414 1418 1401 1371 1324 1308 1252 1237 1201 1189 1160 1148 1136 1133 1152 1165 1175 1192 1187 1193 1212 1240 1247 1284 1304 1358 1376 1441 1482 1537 1585 1491 1451 1354 1325 1241 1208 1123 1094 1071 1033 1014 940
0 0 0 0 0 0 0 0 0 0 0 0 0 0 0 0 8 63 84 143 172 249 272 337 380 427 480 547 571 650 680 734 749 813 828 793 816 880 930 950 939 1079 1027 1145 1159 1146 1197 1215 1269 1289 1359 1385 1391 1374 1329 1315 1259 1245 1207 1195 1169 1156 1146 1143 1167 1184 1198 1221 1223 1229 1238 1265 1282 1310 1325 1378 1396 1458 1501 1542 1546 1473 1437 1341 1311 1217 1183 1090 1055 1033 993 970 900
0 0 0 0 0 0 0 0 0 0 0 0 0 0 0 3 10 69 88 138 163 238 263 335 388 443 497 588 618 703 736 799 811 859 774 794 811 839 852 897 915 952 990 1028 1080 1095 1144 1163 1216 1236 1292 1329 1359 1367 1333 1320 1271 1257 1218 1203 1173 1161 1154 1152 1176 1192 1206 1241 1253 1254 1278 1299 1316 1336 1350 1399 1417 1469 1509 1529 1512 1462 1439 1347 1317 1214 1179 1098 1072 1039 990 968 892
0 0 0 0 0 0 0 0 0 0 0 0 0 0 0 4 31 71 87 131 152 229 258 341 399 459 516 609 646 730 747 783 807 737 752 765 781 809 820 861 877 909 942 977 1029 1046 1098 1115 1167 1187 1237 1267 1309 1336 1329 1319 1278 1264 1226 1211 1179 1166 1158 1157 1178 1195 1209 1250 1269 1285 1239 1337 1335 1356 1367 1401 1414 1470 1515 1530 1506 1442 1421 1355 1329 1238 1207 1133 1098 1057 1010 980 901
0 0 0 0 0 0 0 0 0 0 0 0 0 0 0 5 42 73 83 125 143 219 246 331 392 447 499 586 583 613 628 667 679 709 723 735 750 777 788 827 842 870 899 929 978 997 1033 1029 1075 1096 1172 1223 1271 1309 1318 1313 1283 1272 1229 1217 1184 1169 1166 1171 1213 1229 1244 1284 1302 1322 1330 1276 1311 1328 1334 1388 1412 1488 1541 1546 1542 1495 1461 1382 1361 1298 1273 1207 1162 1116 1056 1025 951
0 0 0 0 0 0 0 0 0 0 0 0 0 0 3 12 41 74 81 122 137 198 224 306 363 412 459 504 521 574 587 666 667 682 697 709 724 750 758 792 807 832 858 884 907 902 958 978 1038 1063 1137 1189 1240 1285 1309 1305 1287 1278 1236 1223 1189 1175 1166 1171 1213 1229 1244 1284 1302 1322 1330 1276 1311 1328 1334 1388 1412 1488 1541 1546 1542 1495 1461 1382 1361 1298 1273 1207 1162 1116 1056 1025 951
0 0 0 0 0 0 0 0 0 0 0 0 0 3 8 29 49 75 84 115 130 173 190 252 304 356 393 439 453 503 522 582 592 615 630 650 660 679 687 708 716 736 758 778 818 836 896 920 994 1018 1097 1146 1192 1238 1295 1307 1298 1286 1249 1238 1211 1213 1208 1208 1240 1241 1240 1224 1208 1177 1194 1203 1217 1279 1311 1388 1400 1450 1473 1493 1507 1492 1498 1454 1420 1342 1323 1261 1216 1168 1123 1102 1054
0 0 0 0 0 0 0 0 0 0 0 0 0 3 8 29 49 75 84 115 130 173 190 252 304 356 393 439 453 503 522 582 592 615 630 650 660 679 687 708 716 736 758 778 818 836 896 920 994 1018 1097 1146 1192 1238 1295 1307 1298 1286 1249 1238 1211 1213 1208 1208 1240 1241 1240 1224 1208 1177 1194 1203 1217 1279 1311 1388 1400 1450 1473 1493 1507 1492 1498 1454 1420 1342 1323 1261 1216 1168 1123 1102 1054
0 0 0 0 0 0 0 0 0 0 0 0 19 23 34 43 51 72 81 110 120 162 181 243 295 347 384 431 448 496 510 549 558 597 644 682 702 729 738 756 761 779 800 821 848 865 928 953 1029 1049 1111 1155 1195 1235 1297 1312 1332 1322 1291 1293 1277 1265 1244 1229 1201 1184 1167 1119 1106 1095 1093 1115 1132 1211 1240 1309 1319 1338 1351 1371 1401 1432 1461 1461 1421 1394 1383 1289 1250 1199 1200 1186 1137
0 0 0 0 0 0 0 0 0 0 0 0 27 34 43 52 55 70 78 107 116 165 189 247 295 343 383 429 441 475 487 541 562 617 659 700 730 772 786 826 836 846 853 871 893 907 967 994 1053 1072 1133 1176 1218 1264 1318 1338 1321 1333 1322 1316 1289 1264 1226 1198 1156 1134 1118 1075 1059 1048 1046 1063 1076 1152 1182 1242 1251 1267 1280 1304 1336 1379 1387 1426 1416 1371 1357 1331 1312 1253 1201 1178 1123
0 0 0 0 0 0 0 0 0 0 0 0 22 35 47 58 58 68 75 101 111 170 197 260 297 339 382 426 436 466 483 557 578 638 680 724 763 814 835 890 906 928 919 931 960 983 1057 1057 1093 1109 1158 1202 1247 1283 1322 1359 1377 1365 1327 1311 1267 1235 1194 1160 1109 1086 1071 1033 1013 1002 1002 1006 1015 1091 1115 1172 1181 1200 1216 1239 1270 1318 1335 1388 1380 1330 1315 1280 1270 1220 1170 1149 1093
0 0 0 0 0 0 0 0 0 0 0 0 15 29 46 58 60 66 70 99 113 173 201 271 304 348 391 442 455 489 507 579 603 665 703 757 810 856 878 935 954 993 1010 997 1018 1038 1102 1100 1144 1158 1198 1237 1280 1312 1407 1400 1345 1333 1302 1286 1225 1191 1157 1121 1066 1044 1029 992 970 956 950 955 963 1023 1045 1103 1112 1090 1090 1144 1208 1253 1276 1329 1333 1298 1282 1235 1202 1172 1133 1112 1056
0 0 0 0 0 0 0 0 0 0 0 0 11 26 40 55 62 66 71 101 117 176 202 278 313 354 399 468 492 534 547 610 634 700 743 791 852 917 926 985 1010 1054 1068 1072 1072 1088 1151 1144 1187 1199 1242 1273 1372 1425 1358 1342 1286 1272 1251 1238 1181 1149 1114 1083 1026 1010 996 954 929 909 901 899 903 954 973 1023 1025 1030 1038 1047 1106 1190 1213 1310 1312 1267 1249 1206 1174 1144 1101 1077 1020
0 0 0 0 0 0 0 0 0 0 0 0 8 20 36 46 56 67 72 104 121 177 201 276 311 350 397 480 507 563 573 622 642 714 766 817 879 981 999 1037 1067 1113 1114 1124 1130 1136 1173 1191 1250 1263 1293 1376 1431 1384 1290 1269 1228 1212 1172 1155 1136 1101 1072 1048 995 979 965 917 889 858 843 840 840 890 906 961 969 964 970 985 1009 1063 1088 1267 1282 1241 1223 1177 1149 1120 1080 1054 984
0 0 0 0 0 0 0 0 0 0 0 0 3 11 30 39 47 68 74 104 121 180 200 265 304 341 384 458 483 545 560 606 624 697 756 815 885 979 994 1071 1102 1168 1207 1181 1192 1196 1283 1345 1287 1304 1315 1359 1376 1318 1239 1207 1179 1161 1114 1102 1061 1055 1029 1011 963 946 930 879 838 803 790 779 781 799 818 891 906 902 911 928 955 1017 1057 1239 1257 1219 1201 1153 1124 1092 1058 1002 915
0 0 0 0 0 0 0 0 0 0 0 0 3 5 17 33 39 63 72 104 120 172 190 243 282 319 361 428 453 516 534 589 608 679 738 801 877 1005 1043 1113 1157 1213 1264 1229 1243 1246 1315 1381 1405 1392 1292 1285 1277 1257 1195 1164 1070 1050 1050 1039 1004 1006 987 970 937 916 894 834 784 752 734 730 733 750 763 834 852 859 867 882 909 977 1017 1206 1233 1204 1186 1134 1101 1065 1026 1002 915
0 0 0 0 0 0 0 0 0 0 0 0 0 0 4 6 21 47 60 93 109 169 186 232 273 312 347 414 435 500 522 592 619 700 753 812 879 986 1027 1168 1208 1283 1332 1327 1303 1295 1228 1228 1223 1221 1194 1175 1168 1157 1104 1090 1033 993 890 864 881 877 887 882 862 845 822 734 697 678 668 666 664 661 666 719 749 828 841 844 861 927 967 1153 1201 1203 1181 1120 1074 1034 987 960 877
0 0 0 0 0 0 0 0 0 0 0 0 0 0 4 6 21 47 60 93 109 169 186 232 273 312 347 414 435 500 522 592 619 700 753 812 879 986 1027 1168 1208 1283 1332 1327 1303 1295 1228 1228 1223 1221 1194 1175 1168 1157 1104 1090 1033 993 890 864 881 877 887 882 862 845 822 734 697 678 668 666 664 661 666 719 749 828 841 844 861 927 967 1153 1201 1203 1181 1120 1074 1034 987 960 877
0 0 0 0 0 0 0 0 0 0 0 0 0 0 0 0 6 26 50 90 111 196 221 273 309 354 398 456 479 553 575 635 656 732 787 839 893 1000 1040 1182 1225 1268 1276 1250 1166 1153 1119 1113 1099 1095 1069 1051 1039 1005 967 959 920 901 833 777 766 761 768 772 764 754 738 678 643 619 610 603 600 602 613 683 724 855 918 954 985 1037 1061 1184 1212 1209 1189 1123 1076 1023 965 937 860
0 0 0 0 0 0 0 0 0 0 0 0 0 0 0 0 6 26 50 90 111 196 221 273 309 354 398 456 479 553 575 635 656 732 787 839 893 1000 1040 1182 1225 1268 1276 1250 1166 1153 1119 1113 1099 1095 1069 1051 1039 1005 967 861 822 806 750 733 701 700 715 724 720 709 694 648 617 590 576 574 574 591 608 696 743 888 970 1006 1037 1096 1128 1201 1210 1186 1170 1115 1069 1015 950 920 844
