example/example_data/dav_slope.txt
ncols         160
nrows         186
xllcorner     502310.48681151
yllcorner     6496008.1508163
cellsize      100
NODATA_value  -9999
[rows 29 to 57 of 186, columns 65 to 129 of 160]
28.43387 34.05739 37.21489 36.35207 34.87288 35.50675 36.12408 39.30317 39.90629 39.59947 39.16854 38.81441 42.27084 43.97707 43.75398 40.07917 33.68372 24.76927 14.98941 20.62391 17.23186 24.86433 31.88256 31.67296 29.84921 24.12634 26.84413 25.51562 21.22848 27.25533 30.98503 36.05029 49.6386 45.15785 44.69678 46.70968 46.70202 43.56667 30.16183 24.88531 5.155576 12.57422 23.60187 27.82479 39.29957 43.79831 42.36331 39.77478 43.87196 50.80716 45.03166 41.01161 39.66813 39.91032 42.97435 41.80787 38.92208 37.15797 36.90416 36.7967 33.16213 33.15694 30.8162 23.0549 12.26758
27.22207 29.02633 28.36045 25.46191 25.01864 25.86053 28.83702 36.21697 38.62989 37.8308 37.18975 35.05413 35.13839 34.96264 35.58017 36.17371 33.79707 30.94015 21.75677 21.87705 22.05118 21.46061 19.0349 21.20543 25.01927 17.09479 22.47354 23.66832 27.73286 32.80181 31.62749 36.32427 48.51141 45.17414 47.301 48.58998 45.24498 40.72279 25.01502 18.45052 13.53658 20.78083 33.25862 40.17536 46.98575 46.42056 45.3803 47.42674 46.67919 43.03067 30.74509 36.36721 38.9055 38.52384 37.30665 33.84024 33.44162 34.41799 37.11988 36.39108 31.93561 30.93312 28.60368 25.47034 19.11583
25.95819 27.28593 27.47687 25.08419 25.00178 26.14047 28.2894 35.31908 38.62593 38.46716 37.57012 36.77258 40.6678 42.63918 41.08616 38.69825 34.53423 32.86792 28.03818 26.10751 25.83389 25.29739 28.4797 30.70557 32.51252 26.33556 27.04288 27.5465 31.06711 33.81065 30.8838 36.11544 46.32355 42.89606 48.38226 48.91889 42.88504 38.47007 21.10947 18.47585 24.02161 31.72951 43.57571 45.67261 46.66806 46.68177 48.75282 49.61484 38.60978 20.21268 18.34802 31.04311 34.60638 34.97089 34.35929 31.84942 32.82721 33.71522 37.88307 37.05975 34.40794 30.87057 28.26449 25.63161 15.6615
23.08462 24.93922 26.53193 24.86863 25.36784 26.68408 28.20042 34.18254 37.98859 39.044 38.96791 38.26744 40.11464 42.63312 45.33708 44.39441 37.92752 35.24175 28.34695 21.8878 23.45669 24.13899 27.57199 27.83712 29.03484 25.70938 27.8816 28.28669 31.43211 33.37115 29.70458 35.07806 43.10882 38.71192 48.27359 48.66191 40.32026 36.65989 20.33254 23.39406 32.03513 39.71616 46.06533 42.07948 43.25864 47.85482 50.18932 46.96579 41.69533 35.72545 26.73037 34.60022 37.96522 35.47945 34.82863 32.21835 33.43029 33.40458 36.15319 36.12056 35.39762 34.33384 31.13359 22.87959 9.179824
20.16958 23.66369 26.52102 25.56458 26.73179 28.19005 29.91036 34.21948 36.93577 37.95259 37.43694 34.7033 32.77264 33.83176 41.23273 47.86076 46.65851 45.54419 35.81902 18.21314 22.13279 23.08693 25.40772 22.16298 23.82195 22.90514 27.28703 27.89151 30.72529 32.8327 28.23915 32.65929 39.4219 34.46487 46.60472 47.5163 38.15117 34.15816 22.17391 29.16745 37.033 41.86831 46.64326 45.95126 49.94577 53.10097 51.10585 45.02008 40.78682 37.66074 26.07374 37.83806 45.13051 40.02607 36.142 30.9507 32.25735 32.58636 34.0096 39.00994 39.26508 42.12011 36.27423 23.28807 18.34315
19.6032 24.62401 28.64564 28.51384 29.18273 29.54434 30.60318 34.39699 38.38759 39.92474 36.87754 31.93209 32.12873 32.42368 34.50216 41.56873 43.11672 49.40723 43.99383 17.76116 21.14817 21.93913 24.39365 21.39023 23.01996 24.16891 32.60514 33.69479 34.33384 35.8604 31.49034 32.50533 36.68279 31.34389 41.38815 43.88018 37.99592 37.26564 38.27472 44.74078 49.40645 52.36673 56.08503 56.27922 57.7746 57.93333 52.9601 45.41682 42.35103 45.30513 45.98099 52.60247 55.84079 51.30215 46.96937 42.45516 41.15321 41.89239 41.83104 43.48457 43.3931 39.9993 31.8865 27.30511 27.56754
19.95241 26.58137 32.20319 31.74846 30.2886 28.96627 28.621 30.79814 34.82811 39.03501 37.31364 30.36362 28.30165 27.97862 28.95029 33.22222 33.03016 49.09525 46.57977 14.53804 18.67619 21.01696 24.02881 21.48367 23.51043 25.19925 34.15446 31.26824 28.60418 31.70876 26.42075 26.37429 31.69271 27.18597 34.16711 37.09143 30.6845 28.31608 30.79881 37.41806 42.00325 45.53061 50.13636 47.31297 47.80753 47.63916 39.52947 31.69617 30.6117 34.0653 36.32869 47.58211 51.56371 43.03319 37.00031 32.45428 30.79892 33.42566 32.04181 32.54943 35.95393 21.53087 33.3077 33.99026 32.05249
28.84837 35.69778 40.93734 38.05893 34.15084 31.41418 30.18024 31.38886 34.69867 40.83777 42.78473 36.1871 26.33091 21.22628 24.43551 32.61646 34.93493 50.58549 49.06911 15.08111 14.13091 20.7062 25.36244 23.21226 25.68052 25.27369 32.65543 30.01085 26.63609 31.51922 26.66216 26.02643 31.51381 28.96825 32.53657 32.24923 16.69979 15.29427 26.37053 34.5843 36.22453 36.00673 40.28804 33.92798 36.72409 37.46375 25.22088 18.34023 24.21997 35.57413 42.36304 49.17016 49.81367 38.26381 33.05192 32.74991 33.5956 32.87291 27.27592 23.81363 24.39529 23.75938 38.35736 35.64551 33.7944
22.52612 33.07462 37.02597 28.17408 22.45967 19.04463 18.21903 19.99157 23.38116 30.66306 34.35947 31.8921 23.51406 9.946574 12.77542 25.99606 30.42177 49.28031 49.51127 13.31159 8.102039 21.80006 27.15837 23.12598 24.20125 21.95748 30.406 30.41134 28.54739 33.08041 27.3842 25.40541 30.96485 29.34033 30.77008 27.4827 1.724311 15.73501 28.846 36.44137 34.58668 31.54752 35.21299 30.31212 35.79739 36.36705 29.25077 26.27268 25.74451 36.88005 44.61108 51.66383 51.57483 46.4542 46.0723 45.54497 43.9288 40.01257 33.32977 22.12542 0.9171017 32.02782 38.11306 34.38925 34.3534
26.11575 32.83426 33.64145 21.69085 17.96674 16.93644 17.28705 17.38739 16.4207 22.09062 25.98923 32.13272 31.05871 22.17221 28.79642 35.65005 36.36863 47.9901 47.37375 12.99888 6.319769 22.77824 28.49614 24.10985 25.07745 21.6607 28.98792 28.91544 28.23566 32.97053 26.35312 25.98805 32.53587 30.35964 26.04818 18.33707 8.802268 15.41885 23.5035 31.60967 27.30443 26.60225 34.11891 31.76477 34.35635 33.31294 30.29488 28.4276 20.54767 25.42616 25.72281 37.96807 37.09037 32.53747 33.16424 37.2722 42.17291 37.60656 22.14714 16.18639 19.2905 31.70907 33.41593 31.67674 33.08977
34.73629 35.82269 34.31121 26.9459 25.03439 24.75631 24.63869 23.15556 20.21611 25.78062 29.55007 38.89851 43.06057 36.11216 39.80676 43.62526 43.52689 45.89236 40.06446 6.991853 7.965847 22.35221 28.52287 25.84407 28.55793 24.58523 29.44674 28.92562 29.79326 36.24527 32.2276 33.78857 36.77896 30.97275 19.77861 7.295655 12.15615 16.87442 28.01853 37.12289 34.79878 37.23999 43.35139 40.52348 35.47945 30.21655 29.5307 28.37123 26.11487 32.83103 28.91308 35.96484 33.20872 29.59101 27.60899 21.43218 16.81836 23.84331 27.43128 26.20078 26.5447 32.08112 33.06892 33.2336 34.71011
24.53223 27.49881 27.73926 22.7434 20.02717 17.34776 14.97848 11.84057 10.76388 27.61329 34.51612 44.53421 49.55894 37.28374 33.26397 36.12056 35.66133 34.13285 24.21003 6.038619 15.99096 23.7454 28.6604 26.94926 30.33607 25.4685 29.33537 28.68233 30.09455 38.47262 34.60998 33.25814 30.12528 17.23739 4.16874 2.1452 14.04601 20.03844 36.40115 45.63015 43.42566 43.81037 45.16896 39.17225 33.23799 30.38102 31.05577 29.65585 29.45888 34.68153 25.77942 31.76226 30.51729 28.42146 29.6587 11.24863 12.48053 24.41852 27.07068 33.10355 31.22898 31.78691 32.23471 33.65636 35.03728
24.3392 26.95752 26.89474 23.17183 19.5238 13.86277 10.04706 12.48362 16.45196 32.99926 39.0464 46.8451 52.32496 41.77697 38.11617 37.70581 31.13674 19.45433 6.879444 15.88691 21.00356 25.40541 29.86728 28.05978 30.22894 25.65449 30.40419 29.13379 31.53523 40.67841 36.4739 32.30476 23.51492 9.346643 1.406821 6.008412 19.41032 28.89978 43.5076 51.0192 48.12422 49.23699 47.68223 38.7351 33.17902 32.03348 31.46939 30.03234 30.49699 34.23595 24.93415 29.25077 28.96119 29.7619 33.14397 14.22386 16.26665 16.68747 23.60187 38.09185 34.40554 28.79792 29.40544 33.06033 34.95739
24.29988 25.96993 25.33775 20.50153 13.24367 6.861134 8.055051 17.5345 22.53992 37.3123 42.01297 48.66658 54.81518 45.60516 38.68735 30.32512 16.97781 3.441056 11.25642 21.77824 24.19413 27.06527 31.32082 29.48865 30.74831 26.55373 30.35919 28.51855 33.15425 41.99672 35.83508 28.25325 15.80372 4.407384 5.131899 11.00586 25.6781 33.58016 45.73056 53.94405 50.01763 48.23296 46.78608 43.55347 38.91013 33.01777 30.19726 28.30371 29.18762 32.31123 23.77964 28.02377 28.93393 33.17268 35.41502 12.08122 19.79381 17.10117 23.5838 41.06118 38.21987 28.71982 27.88041 34.41702 37.13732
24.47482 23.56053 19.81758 10.7616 2.481494 10.97788 14.09542 23.46884 28.24859 41.39455 44.9169 49.94926 55.48452 44.02265 29.77016 11.28666 7.237623 15.06996 20.63641 25.20298 26.03694 27.78214 31.55006 29.24737 30.14005 25.77416 27.84547 26.20268 33.81148 42.29067 33.38745 23.24326 10.63394 2.240909 8.71657 14.56647 28.58088 34.57338 48.70633 56.85261 49.32833 42.48878 41.29247 41.32586 40.85963 31.18098 25.41033 24.35988 27.30128 31.33531 23.07839 29.11907 31.30815 34.36063 32.05444 12.44191 25.61795 20.33785 25.51562 42.74675 41.92029 31.68515 27.83699 35.73234 38.99906
21.12702 16.30617 7.839293 4.10595 13.23105 17.4733 19.83252 30.83434 36.27511 45.7906 46.90779 48.12819 51.31683 39.0627 22.39592 7.139809 16.80424 23.31718 25.60717 26.42725 25.96414 26.18319 27.72899 25.95953 28.8968 23.69759 24.67237 24.04204 33.70436 39.95974 30.17012 21.93301 8.865264 2.354516 11.3546 17.0252 31.76352 38.60273 52.02026 55.74972 43.48208 39.10434 38.82732 30.86792 26.0572 33.68149 31.65361 32.49493 32.74735 30.3388 21.97104 29.78831 29.21081 26.29993 22.24739 19.79271 26.04641 22.34737 29.34263 40.52106 40.9487 34.88817 31.5708 39.5778 42.31134
7.552372 3.177171 7.264627 15.54762 21.65894 23.37994 25.5257 37.72205 42.38816 46.54667 44.77851 42.53331 42.82177 34.78331 23.83195 17.94474 23.84281 27.71885 26.02925 24.46064 22.57411 20.25544 19.78412 23.79477 29.22569 19.27295 20.25758 21.72656 32.37309 34.98524 27.29375 23.92799 8.824259 2.506114 14.28212 20.40163 37.02589 44.98697 52.01165 49.98076 40.68811 40.91476 32.34244 28.39585 12.28407 13.34415 20.40988 23.2327 20.9708 18.79337 16.61824 26.86312 22.53422 17.59593 15.80254 15.89127 19.94085 24.59995 32.53328 34.27115 36.98598 41.40598 35.14596 38.20021 39.85461
11.93505 15.37928 18.2259 23.72237 27.85448 28.03556 32.06635 43.39755 43.66281 42.90506 40.4995 36.40335 34.81753 26.92154 18.61282 22.30129 24.72554 25.53775 21.14737 18.52589 15.64343 11.82215 13.38695 23.2334 30.78395 21.82088 23.01139 24.26014 32.78296 32.73179 27.02437 26.14017 9.388906 2.899668 18.04521 24.24626 41.70031 48.19794 47.76092 42.47432 38.52859 40.98057 27.52058 25.55132 26.76225 21.84245 17.07536 18.01811 17.46916 16.08989 15.95077 26.3727 21.38091 15.71586 13.2624 9.082089 15.64343 26.2737 34.8105 31.22261 34.22191 44.79533 39.93832 37.5168 37.16637
34.73429 36.93166 38.84661 40.26547 40.54139 39.02735 40.06072 44.66167 39.81792 37.85947 35.98584 31.3031 29.55091 17.40612 9.632165 18.38396 17.06657 17.96049 14.39652 12.93834 12.52978 10.85796 12.42952 20.63162 29.456 27.38802 30.81609 33.25738 39.46629 38.3962 33.29828 31.19916 11.93221 3.801725 19.55024 25.18475 44.0494 48.01334 41.28999 36.39225 35.67574 39.36245 30.2115 30.74753 31.65908 28.57328 25.79144 22.26313 20.7385 21.16527 20.41009 29.24505 26.69304 20.78413 17.14788 2.58648 12.30643 28.84887 36.64867 32.198 34.12189 45.86273 42.42274 38.60218 37.74404
39.45015 41.66285 43.18894 43.18584 42.02596 39.17165 37.39331 38.81766 33.30894 32.73129 31.07747 27.59137 26.10132 10.21793 3.933544 11.83239 9.282328 13.32269 16.75443 18.60637 16.36805 13.86312 13.23393 16.63008 23.10451 20.68526 25.03077 29.22788 39.3111 42.4381 41.46201 39.09386 17.25318 4.16874 17.09745 23.96503 45.65941 47.87064 36.90302 33.24936 33.72831 37.96315 32.70318 32.55122 33.13388 30.13682 28.56668 25.90996 23.34133 23.39406 22.01791 30.35998 27.80634 19.50292 16.50623 10.35025 9.16253 30.46581 39.45922 34.17099 34.97184 45.09716 43.62526 44.55287 43.54729
30.36556 32.26394 32.99673 33.12859 31.86231 27.59016 27.17369 31.68767 28.23773 27.97862 26.68394 25.09846 24.16176 9.972292 10.29268 17.70121 21.92766 25.43491 28.16472 31.53194 34.37071 34.85938 31.8283 30.13647 31.63982 30.34279 31.68357 29.59971 34.02527 38.44027 43.56385 45.75944 26.40441 7.450795 11.11395 19.71432 44.29923 49.53609 43.70125 38.5943 36.35317 41.3343 40.51943 39.75418 40.05623 37.9203 36.50871 33.6639 29.2163 24.62805 17.6719 31.42091 29.75659 19.04463 15.12101 15.62949 13.08362 23.74472 37.8599 38.07232 42.06199 46.74627 41.97209 47.9548 49.56269
27.78175 29.73203 29.79208 27.97652 25.40049 22.21041 23.27227 27.06235 23.16405 23.78355 23.66215 23.84416 23.47318 16.30476 20.91387 28.81979 32.74459 32.30021 30.04823 29.91714 30.51988 31.47418 29.14138 26.57479 27.51085 25.36244 30.63958 30.38795 30.49755 31.94936 37.968 46.56847 31.5294 9.560092 4.8006 12.00899 35.68857 44.54253 44.43813 37.42728 26.91537 30.98525 31.40457 31.47843 33.27999 31.00857 31.09315 28.94484 28.11201 26.47845 17.94949 31.64393 27.76804 20.95307 17.22818 16.82487 13.90203 14.9052 26.50377 30.21529 41.02286 48.22906 39.62329 49.67646 53.26576
30.75853 29.74042 26.88744 23.41496 23.3163 25.3777 32.57682 34.19561 26.56104 29.59006 35.47479 39.20655 39.98946 38.11681 37.60101 35.92073 34.30772 32.73021 31.42122 28.89269 23.90775 24.47727 26.22888 27.21794 30.31783 30.38523 37.29699 41.45661 42.70008 40.35848 40.46036 47.78529 34.56352 13.48479 1.947517 6.018498 25.50844 36.67204 45.06685 40.52252 25.11382 23.5016 19.56098 20.41305 26.40846 26.02451 30.86262 28.6885 27.92794 26.1534 24.81336 39.76124 40.66894 38.56838 34.80425 27.22165 17.10702 19.11122 24.84524 25.89802 37.03474 47.03483 38.70376 51.17239 54.95303
18.88011 18.51051 16.44499 14.29929 17.74391 20.2738 30.42778 27.57993 19.60922 30.38511 39.24183 39.66563 37.80769 33.47698 29.33537 23.78236 21.15723 21.03989 20.64536 22.73741 23.11019 23.06114 24.93859 26.26583 29.00781 30.15641 35.78154 40.30947 45.48552 44.83727 45.47422 49.68562 35.96581 17.39858 1.947517 3.123658 17.47951 28.89879 44.4892 42.98099 27.43128 25.65934 21.56813 21.28026 23.89069 23.50281 33.31731 32.65275 24.42931 30.30584 32.44044 36.41444 31.59711 29.55617 33.0969 19.80438 11.8761 26.88407 30.83744 31.26403 35.01826 42.29687 36.65153 52.84839 56.47444
20.38767 22.48702 21.53381 20.49144 28.04931 34.60295 38.32798 34.87357 37.54378 44.56395 46.41177 43.83125 40.32934 32.4068 22.99424 15.9183 15.66358 16.98987 16.16333 19.90155 21.85457 21.03908 21.27247 21.04941 22.81137 23.45304 27.86136 30.26286 41.37167 44.94371 49.36061 52.49028 39.35815 23.79341 6.367496 1.996855 9.298318 16.62072 38.82819 42.36905 33.30056 30.16102 22.97009 21.49155 22.04833 22.43524 31.62834 30.76464 16.10164 9.047616 31.00167 52.97558 52.65957 49.80236 41.8993 18.66453 17.03883 24.46064 26.58581 25.18616 28.30745 38.94816 37.65608 54.15219 56.70398
29.81973 30.9893 30.51379 30.15249 39.39458 46.10625 46.90575 47.56215 49.92493 52.87135 52.63422 52.17482 48.43135 40.82478 31.0803 23.87886 22.18728 23.01835 22.27043 24.91578 28.13116 28.07755 27.06235 27.33302 30.46954 32.31679 36.0445 35.22738 41.37807 44.92604 51.50967 55.62004 45.87823 33.72153 14.76147 5.3667 4.51685 10.77841 31.49501 39.95742 40.6102 39.20648 30.15895 27.21656 27.71778 23.76875 28.73075 30.5316 26.66359 32.88785 46.59389 56.62115 47.58047 23.85907 6.194717 28.08996 27.78933 22.67185 24.52931 23.18632 26.96828 40.20387 41.05235 53.78091 54.4715
23.12155 24.03216 24.89484 29.51598 41.92664 44.5057 43.13296 47.88601 47.53943 49.39511 52.4613 49.11701 37.34681 33.28551 26.60582 18.39172 16.75089 17.6979 16.06724 16.44192 20.39719 22.92113 20.52965 17.43262 16.5409 15.61197 29.44674 29.75341 35.28843 38.70702 46.63078 53.31376 46.66905 38.43058 22.53127 10.34978 4.29034 3.870838 18.16001 26.40846 35.58861 39.83267 32.38628 30.38795 32.65097 26.47456 29.59244 34.9647 37.21458 33.51724 39.78665 50.9139 31.33531 12.21003 22.56383 27.30114 25.66433 20.74243 23.17978 22.24664 26.668 43.60497 44.85758 51.4649 50.20375
25.10113 26.51757 27.73819 34.94836 48.92404 54.67351 56.68776 55.52895 50.31325 48.81036 46.95551 33.69479 22.23445 29.92988 29.81279 19.432 15.72794 16.09562 15.34504 14.16398 16.04512 21.29642 20.08775 13.12011 10.19867 14.5797 27.39537 26.45366 32.78247 36.9796 43.85579 49.93177 43.53724 38.81414 29.32714 17.29177 7.173502 4.150372 11.4476 18.18365 31.95308 38.81259 32.73967 30.72963 33.7155 28.12556 32.11185 37.24737 42.92654 37.5612 30.48796 44.96064 36.52909 23.41496 21.01635 23.15432 21.89777 18.7298 22.93693 21.61683 26.91985 47.8979 47.85562 46.98186 44.02777
26.57264 29.47942 31.45204 36.56674 52.909 57.66547 51.47908 37.24058 23.7529 20.01503 17.41236 12.56313 11.01118 16.34024 24.46749 21.60335 17.28993 16.38907 15.68635 14.02613 13.15285 17.83599 17.69688 13.25196 21.59807 22.36003 26.96311 25.67084 32.67403 36.45988 42.26647 46.97019 37.60568 34.6429 32.6765 23.58397 11.34602 6.315775 7.485037 11.24257 26.80225 36.20264 32.64562 31.23805 34.8874 29.72068 34.54976 36.28779 43.27402 41.37212 27.65195 38.45023 25.96652 7.173502 12.2479 21.22207 21.10382 19.06894 24.34659 23.5962 31.44831 50.60191 47.82611 40.2359 36.19985
