example/lemon_input/dav_aspect.txt
ncols         160
nrows         186
xllcorner     502310.48681151
yllcorner     6496008.1508163
cellsize      100
NODATA_value  -9999
[rows 0 to 28 of 186, columns 0 to 64 of 160]
-1 -1 -1 -1 -1 -1 -1 -1 -1 -1 -1 -1 -1 288.4349 283.2405 287.8503 279.3746 269.3452 291.9808 278.5879 304.249 289.8195 299.876 282.4535 284.3354 283.1134 285.4612 280.8082 354.2072 359.3489 325.8474 266.4483 280.008 158.1986 94.96974 82.76308 79.99202 83.65981 45 284.0363 278.7462 271.8183 274.4474 276.7773 262.0645 278.5866 258.6208 280.2683 260.3401 280.204 266.1265 269.8109 270.9094 276.3402 245.9245 102.0508 78.92979 99.70039 82.31602 98.7616 85.91438 90.18305 71.93953 97.55634 82.5111
-1 -1 -1 -1 -1 -1 -1 -1 -1 -1 -1 -1 -1 270 278.9726 277.3738 275.5841 278.5308 283.3655 289.1217 299.675 302.4712 296.5651 290.3441 292.1586 290.8545 289.295 304.1971 344.2657 352.6604 345.5297 341.2742 346.6398 358.8575 18.84714 14.14404 5.998199 3.855634 4.573921 1.636577 348.1785 334.9831 313.2194 283.0764 269.7092 260.9348 256.2233 255.0024 258.3497 261.6341 264.2008 261.3843 256.9209 255.4397 240.9715 118.3438 107.6365 104.2159 99.54754 96.91584 95.72323 93.89371 93.69614 98.1857 101.3494
-1 -1 -1 -1 -1 -1 -1 -1 -1 -1 -1 -1 -1 270 274.0283 273.8958 272.3373 271.7862 272.5511 275.3322 280.7752 284.2645 282.4825 279.9958 282.1202 281.3099 279.3761 286.9391 313.7614 332.1857 344.6463 344.8713 343.9601 351.4134 7.937188 4.801573 3.938062 6.546291 12.62584 13.3925 358.6678 351.1582 327.9671 287.1945 269.6206 259.9101 255.6944 255.657 259.0114 261.9456 264.2008 261.0274 255.1916 253.1416 240.5756 125.583 110.0136 105.3955 100.0926 96.95296 95.69801 97.64605 99.48418 99.52112 101.7598
-1 -1 -1 -1 -1 -1 -1 -1 -1 -1 -1 -1 -1 274.3987 279.0395 275.6911 272.9508 273.7029 274.4628 274.8739 275.9989 272.9307 271.2857 271.8813 272.2605 272.8367 274.3831 278.5836 293.4986 315 342.1878 343.0892 338.7394 343.0879 358.9647 358.2738 2.515252 7.47817 12.81978 10.79377 1.915533 0.4798529 355.6013 337.5573 328.7491 308.7209 300.4998 293.6996 287.5734 282.9553 279.737 283.5411 291.6402 290.6624 287.8443 94.93922 105.2551 110.245 106.2602 99.17255 95.07961 96.70984 97.42059 97.86771 103.5359
-1 -1 -1 -1 -1 -1 -1 -1 -1 -1 -1 -1 -1 277.125 278.9726 277.219 273.6013 272.7606 272.5261 272.9207 273.4136 271.0416 270 270.4137 270.7605 272.5747 275.4721 281.3597 292.1664 308.9162 343.6427 349.5085 343.1609 345.1013 353.9276 354.6066 358.4846 0.7464826 2.790643 2.522749 0.4329574 0.4969769 0.360346 354.4221 349.0431 333.7859 325.6879 315.5055 309.3246 301.6314 293.7887 298.3842 302.2344 306.9355 327.8882 96.81642 109.2593 116.8299 113.1986 102.8356 96.02911 98.25253 99.42278 98.2645 103.0693
-1 -1 -1 -1 -1 -1 -1 -1 -1 -1 -1 -1 -1 273.0128 272.6026 272.0521 269.6869 266.1362 264.1511 263.7242 260.9018 262.1042 264.4725 264.9364 264.9395 268.1524 271.1803 274.7942 277.5093 281.5027 312.7652 339.561 342.8973 339.3123 344.1384 343.264 349.5214 354.5748 359.692 0.3130886 357.8447 358.4129 359.2152 355.7286 352.7887 338.7064 331.752 319.6451 315.1779 309.0277 299.318 303.9388 305.692 320.0319 44.22578 87.84906 93.32925 97.31701 97.18427 94.15606 92.44485 94.14462 93.76563 90.55936 87.73409
-1 -1 -1 -1 -1 -1 -1 -1 -1 -1 -1 -1 -1 270 268.2643 266.9471 266.5186 264.3151 263.2012 262.657 261.5371 263.1252 262.9676 262.9915 263.222 266.2591 268.4186 269.7642 271.7663 273.0373 288.6115 321.1016 356.6707 349.0913 339.9246 339.5901 339.511 348.3462 359.83 0.3350592 356.1859 354.924 353.5559 351.612 352.2143 339.4268 333.7624 320.6233 319.4937 320.8264 318.4714 318.9932 316.2454 348.0434 44.65794 66.66214 72.48775 76.82745 85.04973 91.17715 92.40173 92.34574 88.84137 85.87241 81.95937
-1 -1 -1 -1 -1 -1 -1 -1 -1 -1 -1 -1 -1 266.9872 262.5686 261.4088 264.5493 265.66 266.9434 267.8142 269.4327 270.4063 267.3826 265.4691 264.8259 266.257 267.2986 266.3086 266.9357 268.7472 275.6483 293.6861 0.1982545 357.7974 344.7791 339.6125 331.6523 342.8739 0 0.1587137 357.2428 354.9869 351.6784 350.7617 350.9567 338.4017 334.1618 318.538 319.2679 320.5841 322.1885 325.7923 323.9501 4.943477 41.4522 54.07705 57.10419 60.42216 74.53878 86.56997 89.24283 86.97206 85.56006 85.64218 82.29816
-1 -1 -1 -1 -1 -1 -1 -1 -1 -1 -1 -1 -1 266.6335 257.3998 259.4761 265.1489 267.32 270.269 273.4978 276.9441 277.6082 274.2364 270.113 267.5006 265.7001 265.7217 264.2437 265.148 267.4626 270.0926 276.2239 328.0999 348.5663 357.1893 347.9416 328.3811 334.3941 354.6991 356.2079 356.0295 356.6003 355.6924 351.0116 348.7992 341.1726 337.9206 320.2282 316.3998 313.4413 313.1831 322.7816 325.7737 37.11394 69.27952 64.87218 58.85474 64.0577 77.07996 85.34665 87.04128 86.9413 91.65108 94.3987 95.89852
-1 -1 -1 -1 -1 -1 -1 -1 -1 -1 -1 -1 -1 270 259.0772 265.0608 268.4629 268.5679 270.2524 273.9725 278.8264 283.0244 281.9545 275.2375 271.2086 266.2315 264.2454 262.0304 263.8845 266.257 267.1874 267.7863 280.5208 312.0981 353.9483 1.460482 338.5747 323.9525 340.5773 344.526 346.5782 347.7843 350.6145 340.0881 340.6609 338.931 337.2606 322.2654 316.2637 312.405 315.4553 329.6645 326.9207 107.1805 100.0221 81.75748 75.1939 79.58524 84.15211 85.18308 87.17604 92.12109 100.1701 103.936 110.962
-1 -1 -1 -1 -1 -1 -1 -1 -1 -1 -1 -1 -1 266.1859 263.3675 268.1221 268.9806 268.1913 268.8015 270.5093 275.0472 283.9503 289.0079 280.4178 274.6859 268.3706 265.8818 263.7844 263.9041 263.8695 263.8422 262.085 257.5222 263.9136 289.1197 0.6820604 353.6034 339.8424 349.992 209.876 206.8781 273.8654 318.743 330.611 337.2998 340.1471 340.0593 318.509 308.3041 298.6105 301.7899 58.7716 135.7572 124.1918 115.6579 106.029 98.77204 91.67175 86.94291 84.41276 90.47547 99.55215 107.0962 109.3081 114.7676
-1 -1 -1 -1 -1 -1 -1 -1 -1 -1 -1 -1 -1 248.1986 251.565 259.3961 260.831 257.9544 261.4582 266.3124 274.5905 286.6166 298.0529 289.949 284.8645 277.3611 271.2601 267.0852 263.2029 258.3885 252.2369 242.2503 221.0995 211.9527 194.8084 189.7066 188.0357 177.9416 176.3848 185.7106 190.2599 224.7894 239.7932 248.8565 257.4123 259.7186 249.4919 261.4308 264.8436 261.5579 239.7283 135.1665 137.6425 134.662 140.766 132.8854 119.1481 100.5816 88.82607 84.7261 91.55939 100.3288 106.8248 107.9234 107.5467
-1 -1 -1 -1 -1 -1 -1 -1 -1 -1 -1 -1 -1 225 255.0686 259.8409 261.6441 259.5506 262.9915 267.2943 272.7722 279.1302 287.7777 284.6085 283.2691 278.4589 272.925 269.256 266.0548 261.8699 254.0868 242.7071 218.052 201.9662 186.8598 191.382 192.0449 184.869 187.5394 195.6936 200.4059 220.4653 219.4428 222.3432 218.1457 209.6402 209.3495 240.3468 250.5654 253.6276 238.1282 124.9558 122.745 117.7095 121.817 118.0339 112.2094 99.54913 90.13545 87.04633 89.9053 93.4874 96.89565 97.91994 95.15987
-1 -1 -1 -1 -1 -1 -1 -1 -1 -1 -1 -1 -1 -1 263.1572 257.8451 261.6952 260.1785 260.4041 259.4117 259.169 260.3055 261.3546 269.5648 276.2655 277.4958 274.1093 270.7994 262.1847 248.4287 233.8418 222.7668 203.8027 193.2764 183.2892 192.1866 197.2497 190.8944 194.6399 200.2621 204.9628 221.6211 230.7106 245.2249 245.4849 239.6324 236.9177 248.2901 252.1912 257.4374 250.2431 114.2994 115.9337 113.7379 117.9169 114.5849 114.2803 108.3391 100.6568 95.3734 90.95484 86.74535 82.67148 76.85966 63.26791
-1 -1 -1 -1 -1 -1 -1 -1 -1 -1 -1 -1 -1 -1 261.0274 251.9657 261.0412 260.1391 258.0175 253.9836 252.8896 253.6731 253.802 262.9682 268.2643 270 267.0123 258.8049 241.8788 221.706 206.3601 202.3212 195.4507 190.1621 184.1714 182.9313 186.539 186.9961 195.3956 204.0894 207.376 220.7994 228.1798 242.7839 242.7515 241.6279 249.3474 257.9914 257.8763 259.4803 248.4829 118.7398 121.4066 120.1497 126.5184 122.2344 122.861 120.8524 110.2756 98.60648 88.17317 78.65498 70.76586 61.80997 45.78215
-1 -1 -1 -1 -1 -1 -1 -1 -1 -1 -1 -1 -1 -1 266.1859 262.1467 263.5271 257.8798 254.9816 254.8956 255.3835 254.2216 251.6471 254.725 249.1714 247.775 248.649 238.8378 223.0419 210.1317 196.9275 198.435 196.3397 189.4457 184.5014 179.1275 190.7643 203.8602 219.2128 229.6405 233.4123 246.3633 252.362 260.1159 260.9045 270.6031 290.908 298.9621 296.5651 286.9346 278.349 98.56452 102.7575 103.9967 109.3485 106.3701 106.6516 111.0375 109.4512 100.0493 86.69559 70.12395 54.97886 49.24464 41.36013
-1 -1 -1 -1 -1 -1 -1 -1 -1 -1 -1 -1 -1 -1 265.6013 252.4076 257.2526 248.6513 249.9246 253.9264 255.0753 252.7659 248.0797 248.1569 238.7491 238.8991 243.8067 238.2648 221.883 207.8755 191.4725 191.517 189.3694 183.5615 183.508 191.0138 221.6726 236.7251 240.1048 240.8872 243.9936 254.0706 259.1488 266.5623 271.1233 278.3929 290.8209 302.5283 307.346 308.4385 329.5658 89.40006 97.12502 99.48864 104.4898 101.8703 100.1247 103.8462 107.3666 103.3351 91.01099 66.1302 40.5467 40.19931 30.6082
-1 -1 -1 -1 -1 -1 -1 -1 -1 -1 -1 -1 -1 -1 251.565 248.9625 261.3986 255.8409 258.0434 259.0913 257.6244 254.0064 245.9404 244.5316 236.696 239.7626 247.1329 244.0466 227.4293 215.5377 199.8265 198.7117 184.6859 177.8142 192.1549 235.3389 256.1506 260.8629 263.1076 260.8376 261.0879 265.3823 270 274.7942 281.131 281.8887 281.6533 285.9571 293.6202 310.573 29.56414 83.90179 92.97983 95.88436 97.7746 96.87221 95.50548 94.91026 94.63546 90.97102 81.8699 55.45991 29.10251 32.26476 19.72518
-1 -1 -1 -1 -1 -1 -1 -1 -1 -1 -1 -1 -1 -1 225 257.7352 265.213 260.015 261.6797 261.8408 259.9789 256.2367 246.7194 244.9831 239.3268 243.5526 249.0909 241.1443 225.3148 226.625 235.4207 267.2073 0 18.43495 306.1194 280.5816 276.8428 284.9314 293.5523 292.1042 284.5771 277.8278 278.5036 277.3552 277.3524 271.8476 264.7308 266.7776 273.0291 278.8319 96.60484 94.34746 94.92455 93.92271 92.35917 90.93919 90.17629 86.87787 81.28856 73.58049 66.49204 36.25384 16.03994 12.92214 5.819966
-1 -1 -1 -1 -1 -1 -1 -1 -1 -1 -1 -1 -1 -1 -1 270 267.8094 264.1094 263.789 261.6617 258.6444 255.2032 246.6191 247.3253 244.0935 247.9321 251.0599 241.1554 231.1781 237.6391 245.556 261.9829 322.125 344.6785 342.0309 323.7462 302.3116 307.4401 316.3972 315.8013 308.0888 292.6033 286.4387 279.3099 274.8483 266.4154 260.0851 255.1536 243.0042 208.5437 157.9239 111.0907 98.9213 91.20424 89.1186 88.67657 87.65165 82.39016 74.52867 64.19547 58.49574 32.75767 17.61258 351.8699 341.7749
-1 -1 -1 -1 -1 -1 -1 -1 -1 -1 -1 -1 -1 -1 -1 272.2906 273.4028 275.8264 269.6085 261.6743 256.5089 254.1638 249.8637 255.9638 256.1593 257.3529 257.7455 250.6853 250.4892 260.1723 268.0251 278.4589 308.0272 328.183 339.6448 335.4328 321.3977 320.6637 320.6764 323.398 325.2771 312.2531 303.7787 292.538 292.4259 279.6001 259.249 242.1954 222.9341 207.0721 191.4198 123.3815 96.24525 86.56997 84.0026 84.08078 81.92285 74.08885 67.90577 60.06849 58.24052 40.78582 28.30076 337.3801 323.5046
-1 -1 -1 -1 -1 -1 -1 -1 -1 -1 -1 -1 -1 -1 -1 274.0856 276.163 282.6193 277.0119 266.5691 260.6398 257.9998 256.9277 263.9458 266.6918 267.1518 267.5319 269.6441 279.4916 293.4534 311.6194 319.4156 322.031 324.9703 339.121 324.5022 299.8925 303.3794 304.8085 299.7896 294.318 298.7556 290.6589 279.7748 266.2787 232.6724 228.1335 226.008 219.3976 219.4631 216.9953 163.6105 107.0079 86.49647 80.90972 79.8343 77.47119 70.90651 69.47616 65.33923 64.86704 50.31454 35.53768 324.8336 313.1374
-1 -1 -1 -1 -1 -1 -1 -1 -1 -1 -1 -1 -1 -1 315 285.2551 275.8264 279.3684 276.7722 268.3727 263.0728 259.6703 259.7521 267.1376 274.1402 278.3659 281.4424 294.8516 303.1201 309.3799 322.2393 329.6523 328.4672 329.4321 22.44275 228.3274 242.9627 240.3333 232.9696 212.7352 229.1539 223.1791 218.2032 227.5392 197.0941 202.1502 211.9931 215.3566 214.4749 217.3959 219.0059 199.0359 170.0659 100.2382 83.49438 79.25414 75.66893 69.92847 71.39503 70.30138 71.77884 57.36249 36.32682 315 301.3994
-1 -1 -1 -1 -1 -1 -1 -1 -1 -1 -1 -1 -1 -1 291.8014 297.7185 282.4825 278.2971 270.4122 262.2939 259.895 259.6703 263.6279 271.4923 279.9 285.2997 286.5113 296.9105 302.748 304.1031 308.6385 308.6348 300.1865 163.6105 154.5193 208.5864 232.5947 219.3111 212.0596 208.7479 216.8459 211.8889 209.3792 215.9097 201.1247 208.7133 214.5452 215.4023 215.7241 216.091 217.9604 208.4094 202.7215 149.25 101.3099 83.71115 76.34034 70.10457 70.91583 70.78291 74.68718 62.8787 39.80557 300.9637 286.4676
-1 -1 -1 -1 -1 -1 -1 -1 -1 -1 -1 -1 -1 -1 277.125 287.5256 284.6383 278.6157 265.4922 259.1064 259.5401 259.7559 262.5007 267.8253 270.9963 271.782 270.5886 265.4506 247.1263 228.4934 210.3052 206.0168 181.0493 167.962 183.1288 207.943 215.7601 212.2323 219.1933 219.8259 213.0644 218.6172 216.7434 221.2585 214.2469 212.1437 207.6648 205.8555 207.0576 210.0519 218.0216 216.4309 217.6174 195.5646 140.9743 94.88276 81.49542 75.89988 76.65555 74.79759 76.26373 63.72579 26.11391 308.5956 306.7644
-1 -1 -1 -1 -1 -1 -1 -1 -1 -1 -1 -1 -1 315 298.3008 280.7327 276.6722 273.2155 265.1469 260.8078 259.0558 254.4537 253.2061 256.2469 251.3392 246.3495 242.9085 222.5634 205.6155 203.2912 203.1052 204.3793 186.8128 191.6707 205.8345 206.1543 216.427 212.1572 217.5906 218.4001 211.316 216.7507 215.151 216.8699 204.8733 202.6938 200.4328 203.2241 209.2791 217.2714 228.8494 228.9339 231.6107 223.7746 185.9806 105.2551 83.73651 77.44244 78.08485 76.55138 77.7604 65.77225 12.99462 293.7972 299.1005
-1 -1 -1 -1 -1 -1 -1 -1 -1 -1 -1 -1 315 315 308.019 291.6148 279.5404 274.3987 268.172 261.6493 254.9045 244.4641 239.7874 240.6928 231.3079 225.8999 222.0575 206.8239 204.0755 208.3457 217.9139 217.7436 196.8629 201.1001 197.488 197.4556 202.8548 198.9663 201.2571 201.2683 196.6472 200.5912 199.8776 201.4566 194.377 200.789 206.227 214.5308 223.8274 231.9064 238.9698 232.4037 230.4083 229.728 222.5737 104.7436 71.86192 72.91692 70.60219 63.30561 54.84901 23.11044 3.814075 309.5768 296.4542
-1 -1 -1 -1 -1 -1 -1 -1 -1 -1 -1 -1 288.4349 292.1664 288.4349 286.2739 279.648 275.1232 270 264.6991 259.5742 251.1797 246.9218 247.321 241.3895 236.8598 233.427 222.5105 223.9272 224.7909 229.0989 223.2759 200.9099 207.5528 206.9165 205.1679 206.3871 202.5464 203.4774 202.3976 198.9085 204.8036 203.8831 209.7295 208.7479 225.2018 232.9072 239.3074 243.2538 246.9032 251.7675 245.846 243.435 247.5741 252.1729 85.6013 70.42687 78.57881 76.16718 68.01476 51.74006 12.875 6.814353 315 303.2669
-1 -1 -1 -1 -1 -1 -1 -1 -1 -1 -1 315 331.1134 335.3532 311.2686 291.8014 275.1326 267.0318 264.9364 262.5963 260.9493 260.345 263.1856 265.486 265.054 264.2257 263.9999 262.9906 264.444 263.4261 257.5549 246.5339 231.009 254.3578 282.4649 309.0355 321.0885 328.775 330.3169 330.1909 329.4101 316.3559 315.339 304.7213 301.1951 290.9151 290.3341 288.6088 288.9622 285.8486 277.9008 275.4183 271.9306 269.8606 271.2103 316.273 25.93081 51.78897 44.67072 30.41958 23.31422 11.52372 19.378 306.3475 205.3462
