example/lemon_input/dav_aspect.txt
ncols         160
nrows         186
xllcorner     502310.48681151
yllcorner     6496008.1508163
cellsize      100
NODATA_value  -9999
[rows 116 to 144 of 186, columns 0 to 64 of 160]
30.88306 18.77803 18.11605 46.35015 57.18365 61.72962 74.93151 71.56505 -1 -1 -1 225 248.9625 248.6294 260.7067 260.3112 256.866 260.4171 100.1755 102.9946 101.3099 103.7681 141.3402 135 -1 -1 225 237.8043 245.6299 247.9993 252.5858 248.1142 250.8899 248.904 253.3294 254.9648 257.1712 261.0667 243.2171 205.0894 194.4067 169.4482 146.2318 137.5368 138.4109 126.3394 108.7713 102.5564 108.3313 112.4391 110.5781 110.7565 106.4486 97.43141 88.19884 85.38935 90.46581 115.821 140.1944 273.6522 287.7839 291.9687 300.7355 307.3332 295.0873
46.90915 42.43623 41.98721 69.61488 69.51299 66.35992 65.68069 33.69007 45 -1 -1 -1 251.565 233.7462 255.2564 255.8768 252.1081 248.1986 124.8753 89.44375 81.58532 74.87599 43.09085 45 -1 -1 -1 270 261.0983 256.1951 255.8112 249.2118 248.587 243.6279 247.9222 248.4098 251.3573 256.9927 238.9432 183.1798 183.4602 175.7052 161.7127 145.0543 133.2101 113.5371 106.0908 103.0517 105.7431 107.1437 109.9006 117.3348 117.4928 114.0959 102.9946 99.50024 100.1093 112.1663 135 280.9679 288.5932 287.0907 287.1822 289.7045 288.7258
122.0054 12.52881 28.85566 62.33926 61.19547 59.57421 60.82831 46.31691 59.34933 45 -1 -1 225 204.444 248.334 250.1148 246.8014 242.488 175.6013 74.74488 67.29363 58.79087 45 61.69925 -1 -1 -1 251.565 247.8336 246.7005 248.3621 237.3391 232.7034 227.9144 237.4552 238.0838 243.3063 249.8593 226.9946 162.2352 165.8277 175.3559 176.3698 177.5737 168.354 118.1063 107.9141 103.3078 103.4412 103.2405 107.5165 119.6618 127.1467 128.9351 113.7948 109.2307 110.6744 139.0856 279.4623 283.4486 291.2912 290.5175 288.8078 289.44 287.0871
194.0362 211.7151 205.56 75.84237 68.19859 68.28355 69.22775 61.79837 72.93714 71.56505 -1 -1 -1 -1 262.4762 259.4085 255.7627 254.1975 254.7449 49.76364 64.06919 59.17234 58.24052 65.89777 26.56505 45 -1 225 249.444 253.9092 253.5805 242.3789 238.7608 237.7909 247.0145 244.3555 246.3536 249.2112 231.6473 150.3333 137.8447 166.8836 185.7377 206.1568 192.0023 123.0558 108.9755 98.71261 93.3206 89.81458 89.46118 95.19443 106.8868 118.3422 110.3392 110.1363 115.3462 231.3402 303.0239 285.8192 287.7649 287.3975 285.4885 287.0629 286.1298
192.8288 220.8023 238.6713 69.34109 58.61854 66.07938 69.31128 65.79903 74.94569 64.44003 0 336.8014 350.5377 352.875 286.6992 267.7974 259.9393 253.7798 242.5924 163.6105 81.19321 60.44632 57.65256 53.79741 33.40783 55.00798 -1 -1 249.7751 251.131 249.9343 236.5806 236.9293 239.121 246.7298 241.3542 242.796 245.1858 231.1261 173.9382 134.3526 158.0968 186.2825 208.831 181.8934 143.5418 136.4372 125.7629 128.0528 120.9011 107.7158 99.79621 99.23556 107.8695 108.8802 112.7064 114.6236 271.7357 290.556 283.7961 285.8275 286.2521 284.3814 289.7468 292.8645
199.2593 235.3487 252.4234 14.93142 49.83042 69.62357 74.46822 71.23194 73.92642 51.5198 357.5104 341.5651 354.0939 355.6013 303.6901 276.4831 266.7603 254.4454 230.8263 177.7974 141.3402 57.875 53.84182 45.59066 41.18592 58.17255 45 -1 234.4623 242.5256 243.7999 232.9801 238.5432 239.6678 246.1543 242.4215 243.9704 245.2015 235.214 200.4099 136.7149 145.5973 176.9627 197.418 170.8858 150.0499 150.3885 142.4528 146.1262 147.1549 138.9967 125.8195 114.444 111.0375 109.6378 117.3156 113.7495 276.8428 285.4993 283.0723 287.3838 292.1955 293.8294 296.2458 296.6245
233.1301 264.6855 274.3106 303.6901 47.82713 77.79953 79.82449 73.84266 73.54619 54.09028 356.4237 339.444 1.974934 13.3925 298.6105 271.5074 261.5014 246.2505 216.3475 177.1844 192.6526 192.2648 72.69947 48.27049 48.90049 56.9969 43.09085 45 225 240.5241 245.2657 237.6002 245.4002 245.1234 246.8014 242.6598 245.2548 247.6363 241.5088 219.0939 147.6086 135.6031 160.7007 183.8551 165.2697 151.2467 151.3482 143.2823 147.2903 152.6026 152.7798 149.0978 143.0879 130.3466 116.1839 124.5625 122.4712 288.8119 299.8865 291.2827 290.6335 295.56 298.6862 297.7513 294.8691
300.3791 290.0043 296.4563 329.6973 64.0577 85.42087 83.94387 77.04468 76.50426 65.22486 8.130102 325.3048 15.25512 29.74488 310.2364 267.1844 253.0725 231.0725 204.1455 181.9749 199.6538 196.6992 165.2564 64.29005 55.66978 49.35108 43.40886 57.33909 -1 251.565 254.4275 246.1613 250.6937 247.9638 248.4185 245.3045 248.9273 252.0461 247.0679 227.0373 161.0889 132.1376 144.0801 170.3112 161.3769 152.4223 144.2836 130.4622 139.2019 148.919 152.8937 157.1017 154.9293 146.2258 121.8425 104.7436 338.9625 292.2094 301.1714 296.7055 294.5005 297.7839 301.3041 301.1538 298.0391
310.5444 296.3925 306.1096 19.50245 86.79478 92.10037 87.8591 82.5457 79.72128 64.21267 40.42608 345.9637 0 15.25512 335.556 265.8151 248.3852 228.3665 205.9744 186.6325 193.4957 191.3099 205.2532 211.6075 74.74488 45.95484 54.56668 66.33686 45 225 260.5377 260.789 258.851 251.3377 251.565 249.7082 252.3559 253.6624 246.3593 224.1417 170.8512 136.4688 136.0369 154.5731 156.1613 158.5523 143.0806 122.125 130.2949 143.5172 147.6954 159.004 157.3481 160.0169 113.1986 356.4237 330.8025 295.594 297.0506 295.2648 294.9329 297.4857 302.7782 303.518 300.4655
300.2564 291.6393 303.3462 51.77566 81.20946 89.85346 88.58906 84.94977 81.32683 68.53235 60.12401 23.19859 348.6901 0 344.7449 282.2648 261.8699 252.646 207.8973 184.3987 185.5275 189.4623 221.9059 221.8202 157.3801 90 73.35497 64.92558 40.10091 28.30076 279.4623 274.2679 263.3201 255.0414 254.6939 251.2413 252.2674 251.1088 240.0004 216.4692 177.3411 146.7988 137.8341 144.8336 147.5288 154.5923 142.9435 124.4704 127.9906 141.0649 139.6774 162.0721 171.8699 270 318.9452 333.1219 325.359 295.7754 293.4911 292.6996 295.6881 297.0611 301.0519 301.7391 296.6767
286.5571 283.4237 295.2631 64.52173 76.71837 84.85724 87.16589 87.91743 90.65855 87.82526 74.19749 57.09476 341.5651 333.4349 322.125 308.6598 297.1811 284.7436 154.6538 188.7462 192.5288 195.9454 236.7683 225 180 162.4076 109.5923 72.43973 45 26.02959 303.6901 280.8855 262.0565 254.3205 256.866 255.5476 254.5465 250.622 235.8099 212.2622 182.8271 158.7088 145.9338 150.3661 152.387 139.514 130.0303 121.6976 124.895 142.125 138.5035 225 292.6199 310.1009 313.0251 319.0283 312.5634 290.2249 290.3561 290.9685 295.2328 295.9392 298.2675 300.6377 295.7292
276.9211 275.6122 282.704 78.147 83.91766 86.50217 87.53424 90.71915 94.54804 87.95459 72.25533 69.22775 11.30993 315 288.4349 282.0948 283.2405 135 116.565 212.4712 225 215.5377 228.8141 210.3791 171.4692 160.821 143.6156 106.5571 59.03624 32.66091 322.8533 297.7585 274.5378 258.4533 257.5417 254.2639 254.1738 252.238 234.8239 211.6075 189.0161 166.8368 155.2086 159.7751 165.8378 151.7925 133.4725 123.1731 123.1323 143.1301 153.435 264.8056 289.8852 305.2176 312.614 314.1931 304.3803 289.2993 291.0634 290.3843 293.344 293.6782 295.6937 300.5169 299.859
284.6068 272.1476 262.25 98.32565 93.78265 92.09016 93.42837 97.48995 97.34122 86.18593 67.10945 62.24146 38.65981 315 246.8014 266.6335 271.7357 26.56505 25.55997 355.9144 335.556 341.5651 15.25512 186.3402 150.9454 135 126.2538 98.1301 54.46232 41.98721 327.5288 298.7398 282.6526 268.3634 258.5413 248.3852 246.3027 246.7571 230.1669 204.9048 185.8509 169.7267 164.9501 165.8053 167.6839 167.7488 147.8477 90 18.04782 5.237476 3.066485 351.0851 344.1343 333.6717 337.249 341.2814 332.6733 314.7946 311.6942 303.5875 304.0829 302.0054 300.7603 305.1173 307.4316
290.6955 271.0891 259.9507 100.3048 94.62237 93.12707 94.47711 97.7336 97.12502 105.2551 73.61046 73.88658 75.25644 108.435 261.8699 273.0128 280.7131 338.9625 356.9872 2.489553 341.5651 341.5651 45 60.25512 84.80557 85.6013 80.53768 56.30993 36.8699 49.76364 315 279.4623 273.5035 273.9452 264.629 255.7627 252.4891 253.763 243.3112 201.8858 172.4506 158.2473 157.3801 155.7508 155.1463 182.0559 214.6111 329.0363 347.1957 8.3856 9.544525 356.0353 348.6901 327.8407 327.0678 331.5295 324.0788 310.2949 306.4932 295.3337 294.6955 293.4012 291.215 292.4304 294.2137
294.1791 276.4016 255.9638 110.2976 103.1726 97.83071 95.8793 92.1409 81.25384 45 79.50852 68.96249 42.61406 16.92751 343.6105 280.6197 256.7595 225 234.4623 225 210.9638 201.0375 116.565 66.80141 40.23636 27.89727 27.64598 45 101.3099 120.9638 251.565 267.2737 272.1211 275.9061 273.3665 269.029 262.875 259.5401 247.3569 195.4885 150.0378 133.2816 139.1596 141.5198 131.7603 302.9052 317.224 329.3311 345.6154 12.68038 15.92167 0.6295986 355.8364 337.6646 334.5024 334.5024 326.0171 317.9144 319.3354 306.2131 298.5684 292.8676 288.4349 283.4237 279.2692
311.3478 279.1371 248.1986 110.8209 102.8556 97.79482 96.30929 92.69428 80.38027 67.9321 78.69007 54.46232 40.03026 29.47589 3.366461 290.556 250.0169 237.0948 248.9625 251.565 125.5377 175.6013 180 18.43495 34.69515 10.00798 23.19859 67.24902 95.19443 135 254.7449 267.5104 271.9749 275.5275 273.5035 268.9191 261.6341 258.1113 245.0631 194.1985 149.0362 127.8115 134.0452 148.7491 228.2397 286.4371 303.536 317.9815 343.5287 18.76613 20.12868 0.2741404 357.4758 346.8491 343.7293 343.0508 335.2756 328.053 330.4382 322.9893 314.623 304.2646 296.1017 287.8562 282.8654
282.9946 280.5278 291.4477 90 100.416 99.0425 94.3987 87.58049 83.32011 52.35238 30.96376 32.00538 29.74488 16.55707 6.952958 352.304 341.5651 315 225 213.6901 116.565 71.56505 278.1301 270 90 135 111.8014 96.009 90 90 254.7449 257.7352 266.3086 270.8551 271.2189 268.8309 264.0939 256.4695 235.3973 188.1301 154.5731 133.2643 134.029 162.0956 272.7639 277.0191 277.5093 283.5043 312.4739 44.47915 36.02737 353.0947 352.295 347.8597 341.1269 335.7256 326.8215 318.1364 321.8253 317.9737 307.7676 292.6519 284.3593 280.6922 280.8987
268.8767 271.4688 276.1155 96.16299 104.6764 103.679 92.00253 75.09424 75.84659 11.88866 27.47443 40.48601 11.88866 2.489553 8.130102 2.602562 8.615648 37.87498 0 216.8699 170.5377 198.435 210.9638 185.1944 158.1986 251.565 45 61.2602 49.96974 32.90524 330.9454 266.6335 262.6476 262.7757 261.5014 254.31 247.5035 240.3008 211.849 177.1534 160.1448 151.2739 155.1998 238.815 285.0413 288.5369 284.8775 283.8213 301.8754 49.08562 31.42957 342.4955 344.3141 350.2303 343.6105 332.9424 323.4613 315.8214 323.4613 327.2157 318.2602 298.8213 292.182 288.2016 287.4836
231.2258 245.8286 231.4588 103.0919 102.9074 100.6539 82.76762 73.10135 79.8907 333.4349 66.37062 71.56505 3.012788 354.8056 16.92751 16.92751 25.55997 30.37913 16.18921 29.0546 90 189.4623 171.0274 172.5686 202.3801 254.0546 335.556 40.03026 45 20.77225 12.99462 344.7449 263.4181 252.0956 246.8014 240.8192 237.2648 235.7843 203.9625 156.9087 148.8221 159.1022 244.44 291.4253 290.6589 294.9827 292.7241 284.7654 282.3808 64.53665 24.03429 331.452 333.5479 345.1013 340.5472 330.492 317.688 307.9906 316.6683 331.3138 333.0834 313.0363 304.3803 297.7432 297.2637
221.7295 237.1622 216.4309 108.7923 105.5991 106.8438 88.68811 82.04922 82.21644 341.5651 82.30395 69.22775 344.7449 351.8699 9.162347 14.03624 11.30993 14.03624 14.34933 18.43495 38.29016 76.60751 154.9831 180 235.3048 232.5947 236.3099 101.3099 70.20113 12.52881 28.61046 21.80141 284.4208 253.8866 244.1336 240.2551 232.5947 225.7441 185.9806 147.0115 138.9725 264.1736 302.6192 298.4052 292.2367 296.5123 298.2246 289.3819 263.264 109.6538 348.4248 318.7213 321.789 333.0042 331.3231 327.0426 311.2483 301.7151 308.991 326.3099 338.1018 319.8389 312.6574 304.342 305.1084
221.9872 231.736 200.5081 115.3298 107.6885 114.6769 106.9275 91.97494 84.80557 45 83.65981 40.91438 335.2249 349.5085 11.30993 15.64225 354.8056 351.0274 355.0303 0.4735081 30.35262 47.64254 34.2157 18.43495 263.6598 243.435 250.0169 225 59.03624 21.80141 45 16.38954 307.875 256.6075 245.2249 237.4074 216.2538 208.8355 176.7603 156.413 320.1944 304.8085 304.9631 297.0633 291.2039 292.2035 295.5113 302.0535 315.9392 325.6197 319.8793 311.1859 315.9167 324.2356 324.2557 326.1429 308.5475 298.3792 302.9262 317.4896 335.1858 317.386 311.9059 302.9197 302.7943
225 228.4239 188.2463 116.8781 110.4027 129.6442 131.6822 105.8431 96.67989 86.98721 74.0546 356.9872 331.3895 353.6598 8.972627 2.121096 333.9704 326.9761 339.201 350.3748 27.69327 42.00965 34.17699 46.84761 326.3099 291.8014 280.3048 302.4712 50.71059 81.8699 108.435 326.3099 315 261.8699 251.565 231.1702 198.435 202.6199 188.6732 260.3112 303.0239 303.1664 303.6901 294.0832 287.4272 284.9168 284.6567 298.996 335.2249 334.4766 320.6483 305.5377 314.618 326.2344 326.8301 331.294 310.5154 294.5836 293.8294 304.8245 326.0702 313.7478 305.8283 294.0755 292.6431
221.3322 225 177.1844 114.5958 111.2974 139.1347 139.6859 109.3119 95.71059 36.8699 45 338.9625 339.444 0 351.4692 349.1145 328.0693 315.6366 323.9726 333.7681 27.62107 45.33311 46.43209 57.80427 8.972627 329.0363 278.9726 280.008 57.52881 77.73523 324.4623 322.5946 10.00798 353.6598 272.4896 239.0362 205.3462 237.8043 265.6013 286.9755 295.4841 296.2742 306.1983 300.3791 291.3803 288.2055 287.0028 300.277 329.9314 337.249 328.6577 310.3331 320.7824 336.7139 340.5328 347.9298 337.0059 315.2836 304.3974 309.2894 325.7549 321.4016 317.4309 301.8511 292.2906
211.3571 213.449 171.7772 121.7895 114.1324 143.7462 129.4725 92.54481 63.92464 1.33222 27.55281 341.5651 339.5672 355.3141 346.5348 347.0054 324.0085 317.5562 324.8193 322.9893 21.03751 45.95484 52.28895 57.47511 20.55605 18.43495 315 278.1301 36.8699 67.83366 315 304.3803 55.30485 26.56505 292.6199 321.3402 334.29 316.9091 302.9885 291.2974 293.459 285.9454 291.0032 289.2229 283.8833 283.3925 283.8775 292.9638 315 322.7652 311.9872 294.7228 302.6833 323.1728 332.1487 347.4447 343.429 318.5763 296.8569 296.8427 310.0137 307.4953 307.9542 298.4651 287.2685
194.6013 194.3063 175.3141 148.7015 138.8845 186.1702 170.5377 90 65.22486 330.6422 0 345.0049 349.5742 355.8151 345.1735 347.0054 332.1985 333.773 345.7224 339.0525 5.624628 26.04352 38.30199 40.03026 23.70265 32.90524 14.74356 323.7462 0 48.17983 347.4712 263.6598 124.3803 168.6901 256.3287 286.1892 319.3987 319.2892 308.8845 291.0375 290.8068 277.6507 272.9357 270.7489 270 269.7219 271.176 280.6372 309.9364 323.1301 317.1693 297.0069 299.0546 316.9462 330.7976 353.0572 354.9364 334.7223 312.6467 308.3979 317.1747 307.6689 305.7466 304.2157 301.636
209.6667 191.1292 176.1859 159.0389 160.3462 229.2364 229.9697 97.88314 108.435 280.3048 311.2686 323.455 348.4763 0.6160599 327.2953 328.3669 314.3179 320.2787 346.9642 337.1094 358.727 25.48413 50.86751 55.3692 49.46085 60.20241 45 39.80557 315 4.398705 32.00538 84.80557 111.8014 146.3099 250.0169 259.5923 278.5308 290.556 288.9966 279.2933 279.7437 274.2589 272.0273 270.7589 270 269.7219 271.117 278.8002 302.2756 312.3736 311.1083 296.1364 297.4423 310.0939 323.7273 359.3658 4.102797 335.596 313.6678 312.1518 322.0284 308.5475 304.974 303.9803 305.7067
172.3332 188.455 177.3804 175.6013 197.6223 238.8407 229.3987 112.9638 144.4623 271.7357 288.0478 301.8425 337.751 359.0122 331.7557 320.5872 293.1986 292.6199 334.7468 331.7557 348.1976 24.16663 56.69772 56.57519 51.14663 54.78241 44.1449 64.53665 206.565 225 101.3099 45 47.8624 48.81408 274.6355 254.5388 239.4208 240.0184 251.0535 267.0892 275.8696 275.0241 270.5405 266.4725 266.1328 264.3456 264.2594 271.922 295.6652 308.3387 309.9576 296.6364 294.0232 300.7961 313.2259 5.559947 12.26477 334.2551 312.2607 315.8467 331.7666 316.828 311.5142 305.7792 284.3493
194.1391 182.7852 177.6386 192.9946 215.5377 235.1915 225 130.8151 191.3099 267.2737 278.5308 291.8792 320.4119 347.5857 346.9001 338.8242 294.7082 291.8014 328.3245 338.0782 340.8444 6.696378 37.79635 41.14936 43.22853 46.2508 44.17566 63.64954 66.80141 236.3099 135 351.8699 41.63354 32.19573 315 259.6952 225 236.0702 256.4296 270.4182 276.3402 272.3441 263.382 259.177 260.2268 257.7352 259.6203 268.9637 292.2296 310.8353 319.7051 312.3792 305.6005 307.1339 318.4017 6.458817 11.02346 343.5684 322.4606 324.0447 340.4864 328.1259 323.7462 336.6148 315
191.3099 181.0416 173.4181 245.2249 261.7328 257.1712 230.7106 150.5241 205.2011 248.0851 250.2328 253.6105 264.0118 285.8324 352.875 225 266.4237 272.7263 290.0561 313.1221 304.1597 343.3792 40.80781 45.21869 52.54493 55.18663 54.71879 67.16634 55.49148 303.6901 0 206.565 108.435 23.19859 331.3895 356.6335 285.2551 264.0939 268.3317 268.7982 266.1215 262.9211 256.4052 257.6405 259.0235 258.0746 261.1234 265.2571 274.9091 291.492 306.9348 310.9314 298.2102 288.4349 292.5368 7.696052 14.83499 339.0013 311.5972 305.9229 321.953 311.4513 297.1811 112.3801 135
