example/lemon_input/dav_aspect.txt
ncols         160
nrows         186
xllcorner     502310.48681151
yllcorner     6496008.1508163
cellsize      100
NODATA_value  -9999
[rows 87 to 115 of 186, columns 65 to 129 of 160]
139.946 145.8855 159.5998 221.5467 177.9174 154.4267 163.241 164.3688 170.5377 179.232 184.0856 176.3698 166.9829 181.7445 195.0627 200.9871 209.7646 207.8709 208.4098 217.7346 213.5398 217.2304 216.5348 220.5328 224.819 232.4932 255.4545 257.0695 254.3242 263.976 29.0546 38.40713 38.70763 32.40227 4.879274 347.2389 323.6334 316.7788 309.6772 310.89 314.6745 316.8377 313.0538 310.5372 306.3843 305.5782 321.6021 342.8845 80.07375 153.8609 172.2115 173.2988 174.4725 164.2914 157.0963 115.1069 108.6271 111.6874 116.565 127.5686 118.0418 117.2553 100.5816 85.48602 78.23171
150.2335 157.5708 169.2971 177.9691 171.9322 161.307 163.0879 170.5229 175.6749 182.6301 184.669 180.9058 172.6295 189.8579 207.2553 211.1028 222.912 231.1028 245.5923 252.362 243.7587 246.7152 250.4507 260.5947 268.2252 268.788 265.0545 255.5874 242.7177 238.3584 218.991 0 37.33319 32.8378 9.034995 355.6347 334.0156 329.5002 320.4691 316.8087 315.5729 318.4508 314.7106 311.769 310.0303 298.54 290.0261 138.4064 139.3223 155.4355 177.3071 173.9041 169.3007 167.63 170.7067 131.8669 119.4049 115.0997 111.9592 118.5462 108.435 108.0478 99.6052 87.35745 69.14554
148.9078 135 143.7022 156.5953 165.6631 152.9614 154.3716 173.2003 179.326 184.6463 185.7003 189.8658 190.7057 201.3139 209.9315 215.7164 230.6849 238.5305 246.6357 250.2833 239.4923 246.4529 252.048 261.8699 268.3802 268.6881 264.5196 253.9077 239.9014 238.4672 245.9245 287.0378 24.59012 29.87599 2.775804 353.2902 347.5951 344.8355 339.0544 336.8352 333.0343 335.3098 334.1222 318.7346 315.1268 311.5107 93.60847 127.6988 133.3363 151.4279 180.7152 179.8417 171.7513 167.6353 173.5169 147.7052 133.3439 127.9029 123.9365 133.9456 118.6389 111.6444 91.16914 70.86636 43.15239
124.6952 118.241 130.81 147.1751 160.1046 148.0756 132.5212 168.4248 251.565 295.71 316.4502 307.8157 308.3161 306.6743 297.8596 283.1858 277.1503 282.6367 290.4184 291.4477 298.6983 285.5646 273.3913 267.0328 265.8391 261.1164 259.441 249.4029 240.1972 242.564 244.9955 246.5366 280.751 357.2574 357.1659 354.253 348.3778 345.8987 339.0001 337.4794 335.4017 336.6475 332.1455 314.0608 301.2348 233.7462 123.2875 113.8091 106.9115 112.0987 163.1786 176.9705 174.6047 153.0835 159.6717 136.1873 124.8799 120.2651 109.4915 108.1131 94.49715 71.56505 56.30993 48.36646 35.53768
133.3477 120.4969 133.7982 152.071 160.5171 167.2143 169.2035 231.7098 287.1759 309.5962 329.6973 331.4172 333.869 338.5631 338.9163 334.3808 320.6144 315.2018 312.3322 307.4175 313.741 302.1302 288.1085 272.5848 267.5231 259.241 255.3412 240.9627 231.7785 233.4889 236.7683 240.413 259.796 308.1886 349.3969 358.8115 354.3604 353.2227 347.3073 345.8811 347.5295 348.9214 340.8748 326.5974 332.1985 149.7197 123.8208 112.0872 101.2242 93.35007 84.87683 108.778 157.4098 139.5618 141.3402 121.4416 115.3791 115.062 103.1164 94.82076 78.69007 54.78241 43.02507 36.38435 31.75948
140.6224 117.9459 121.8135 141.4287 134.4491 204.444 278.7462 286.9908 297.8432 307.654 329.3422 340.4995 342.7084 348.4248 345.5532 341.881 340.3155 340.2183 337.1555 337.7144 337.0772 310.9922 308.8156 289.8954 279.3048 275.9898 269.1624 259.2747 252.8416 251.3331 252.5528 253.0643 254.5778 263.131 289.5271 341.2766 352.7197 352.9227 342.6305 340.0284 344.6667 348.4363 347.3146 14.74356 113.1986 131.0671 119.396 107.0205 88.58208 68.65597 47.14759 66.80141 93.95755 110.6182 119.0546 105.9454 99.19939 96.10609 90 74.74488 66.80141 53.1301 37.87498 30.46555 27.64598
148.9953 126.9045 122.4184 155.4223 166.3287 278.9726 285.1645 290.9168 300.2231 305.0211 322.5121 338.1314 341.7289 350.2354 345.9425 336.1271 336.7448 340.7808 340.1511 353.3248 1.245364 336.0011 326.3675 304.6153 293.8932 297.1164 287.3151 280.9228 270.1401 265.054 263.3419 261.6037 260.1384 260.5126 249.4579 223.9036 201.075 199.2447 213.9298 210.7888 201.1089 197.1404 180 146.9651 125.5377 123.2177 114.4775 100.3048 72.22359 51.05024 44.72586 64.3018 79.39413 97.75522 111.2028 105.7512 101.0489 97.43141 85.40945 65.40988 62.19854 41.30861 24.67686 17.59242 13.49573
152.133 137.5153 128.5108 203.1986 246.4477 280.2222 298.964 314.3526 319.754 312.6893 319.3251 330.9803 337.2682 352.0092 352.7468 329.5536 323.4688 331.6351 333.1437 352.1709 4.83042 350.5099 340.0341 314.8801 310.0209 316.7157 306.3802 308.1747 290.9711 279.7618 271.6569 267.093 263.2721 256.6624 231.009 205.7475 199.1045 197.5433 199.2722 198.1967 194.0362 191.9545 181.4783 165.6689 144.6197 129.7741 114.0656 97.0284 63.75865 47.14759 47.18164 58.98756 65.20361 84.44276 106.8214 110.6538 104.2709 99.13715 83.07278 60.59281 51.48307 23.19859 15.25512 5.710593 358.4089
153.0121 151.5981 145.4375 248.9625 259.439 292.3801 300.6773 312.5831 325.1755 325.1831 333.7174 345.5278 342.9662 351.3977 5.673022 323.4034 310.6906 324.7238 330.1631 343.4742 358.7472 355.3927 347.2368 317.7738 313.6411 324.8906 313.992 319.9913 304.5625 290.8164 277.42 268.6272 258.9647 247.7424 217.2881 201.5171 202.5455 199.4647 197.7387 197.5846 193.2097 190.6646 182.0388 174.1584 161.6902 151.3524 136.3532 124.2157 73.39302 37.56859 34.30349 40.79732 46.89942 67.45856 86.74066 100.9359 97.59464 90.52563 74.98164 51.78897 39.68546 15.80251 9.782407 353.6598 345.9637
148.9481 189.0395 248.4986 294.3256 310.2364 305.5046 302.6192 306.9633 314.8237 316.7198 328.3423 356.7352 6.512423 358.7326 3.897645 330.8861 308.044 314.3138 322.6745 333.6346 348.5265 348.5994 345.1873 321.2898 311.9606 325.2121 314.7717 319.9968 307.7676 298.2749 283.776 271.6537 258.1188 244.9672 213.2421 201.8966 205.6688 200.574 199.2105 197.9453 191.2482 188.3929 181.0751 177.0683 171.5014 169.6293 170.9553 174.6344 183.1548 190.561 15.80251 26.17529 38.20406 60.9579 71.25024 77.43256 81.66255 73.07249 63.10376 42.1376 29.62375 9.462322 356.1859 341.9061 336.3058
124.8753 281.6115 299.6667 308.991 322.2803 307.9038 301.0611 303.0783 301.3025 294.2059 295.3462 338.0549 3.146601 10.72746 2.76743 340.1345 318.6657 308.5216 311.8065 318.1798 335.0261 332.5151 332.0513 318.8035 308.2684 317.7852 310.1172 320.0721 311.5142 306.4009 293.7626 280.8715 265.9005 249.4867 215.5992 203.587 205.6699 199.1064 198.7413 196.2849 188.8152 186.6325 180.8814 178.8003 176.6891 177.0949 182.6368 184.7809 190.4258 196.7228 210.9638 257.7843 33.88696 58.5799 50.05725 44.31248 60.43452 55.24409 48.69139 28.07249 18.97041 358.4518 343.0245 332.7004 326.6336
357.2737 317.6754 321.2968 313.9842 320.5492 311.1332 298.9933 296.7361 292.7609 284.516 278.4228 285.9633 320.694 16.11342 16.48875 352.3719 330.5241 315.4774 308.8021 309.1094 327.6086 324.7978 319.2612 312.5529 301.245 302.6995 298.0481 315.3166 314.7149 310.3093 300.8917 290.6862 277.2921 255.9638 219.8056 204.6955 201.6891 195.0413 197.9222 195.3852 187.9269 186.1093 183.0128 182.4895 180.4182 181.3426 188.7283 189.8658 196.2202 202.9321 220.0159 246.8014 304.0459 41.03535 38.04097 44.4688 47.13908 31.42957 35.59687 18.43495 12.82878 350.8033 335.2249 329.6567 323.7462
350.1589 328.6936 327.6002 313.4853 313.7522 311.5284 299.4475 295.2971 291.1469 284.7021 279.1114 273.2052 274.9251 346.5348 25.27772 13.71935 340.5977 326.8215 313.9815 304.4184 319.4345 325.1701 325.196 330.5111 322.9508 314.6021 296.2414 307.4816 314.0452 309.3938 300.0686 288.9704 277.267 259.4519 225 205.4633 196.7984 190.9679 200.4328 199.2171 191.6688 189.2602 189.4623 193.2986 188.6864 187.394 196.3429 197.6844 212.0054 222.8389 234.1229 254.5517 277.809 356.9872 36.54343 45.99835 33.81992 21.9564 16.26538 6.406641 5.484262 0.4703981 358.8811 354.6927 341.131
335.0782 321.6431 322.5238 309.7004 305.8022 306.2026 298.9557 296.7829 291.0837 286.7315 287.3279 279.9116 275.9445 297.3308 351.3643 19.72518 9.338395 335.2506 321.1575 308.2902 317.0381 322.5946 325.7657 341.0394 342.8432 337.4427 308.0238 305.7737 311.5664 308.0365 297.646 281.7683 266.9872 254.7449 221.2686 203.4287 196.2941 192.9946 210.4655 211.3995 206.565 204.6769 207.8973 218.1183 209.8459 203.9625 211.6075 219.1737 247.6199 262.1309 262.716 268.7206 275.586 302.5295 30.03144 50.31 41.08753 31.17296 22.24902 13.10485 12.84459 7.008535 17.87481 26.21675 4.590543
259.3988 284.0363 296.8191 295.235 294.41 297.6542 300.4412 309.8302 306.743 301.0367 306.5402 299.5115 289.718 286.5571 304.0518 24.19971 14.57422 350.8322 342.7021 331.1501 335.9833 337.4515 335.6166 344.6967 347.2756 349.4184 335.2788 331.5632 332.1524 325.3048 310.6013 289.8407 265.9144 244.8321 210.0686 200.1363 206.565 213.6901 233.8807 238.2405 241.3895 243.435 249.9048 254.3578 245.3231 250.56 262.875 270 281.9293 299.1099 318.3019 294.6051 287.882 281.3099 87.27369 63.76486 32.13921 22.96833 21.62742 21.15394 21.98079 20.4418 42.88601 50.23954 35.45547
246.8515 262.9604 271.3322 275.0291 276.755 280.2131 285.474 299.5618 301.7078 295.3573 298.8167 296.441 289.4321 275.3797 255.2254 250.4633 341.3505 349.0772 342.0596 324.2461 332.884 340.8724 335.0764 332.3189 332.9279 342.7342 338.1986 341.5651 343.1625 336.5226 317.0454 291.9745 264.8056 248.1986 221.3086 214.8753 238.627 252.4744 262.6942 266.0091 268.7811 271.3322 274.9697 274.9697 273.1798 277.7652 285.2551 281.3099 280.2787 289.946 306.2538 290.4973 285.2551 266.3915 150.9454 19.17901 359.0685 18.24428 23.8689 30.0343 29.72244 33.5697 53.72257 56.81178 53.44036
235.8595 249.6653 258.6901 266.7845 272.3903 275.7106 276.9135 284.5345 294.9439 304.0001 318.8551 317.1355 303.9342 296.3207 303.0558 317.0978 317.8793 344.6938 342.4076 319.3511 323.0429 335.647 332.3352 328.6472 334.6271 348.9365 349.5923 355.3141 4.982419 7.74471 345.5792 325.008 301.373 292.3801 306.573 317.1211 303.6901 313.8767 323.8204 327.6996 333.9046 337.5573 331.06 331.1645 339.3765 332.2161 336.1813 334.552 307.2734 302.4436 304.6952 276.1373 258.6219 190.7843 159.3256 223.6252 208.9358 147.3595 130.7431 121.7506 127.8534 128.9399 110.7061 95.30093 69.91802
232.7093 252.0638 260.3482 267.0693 272.1771 275.4482 276.7225 283.6773 289.5892 297.3171 323.4089 332.9873 308.3036 297.3239 299.0546 307.7879 314.3616 343.5778 346.7335 334.6041 334.9831 330.8431 322.6884 317.1648 330.0049 358.4 2.726311 2.815557 13.25471 16.47688 10.15906 3.878525 342.8476 324.8193 325.8855 335.2249 323.9017 327.8288 334.1423 339.2459 346.6607 349.3628 345.9637 345.6507 349.1806 345.2113 343.393 343.5904 324.2299 313.0999 318.6619 278.0669 246.4714 178.0251 173.6598 179.2205 177.3804 161.1881 150.4222 137.7501 141.31 150.0352 132.594 108.6579 54.03948
292.223 280.8928 279.1508 279.3721 280.1309 278.8882 276.6722 284.0605 288.4349 288.1078 311.8202 344.2488 328.9729 291.4296 275.7406 263.0548 241.5919 206.8569 211.3191 243.7334 291.721 312.7543 313.6861 304.9669 309.6107 357.9174 13.4141 14.82648 15.20241 20.3915 21.20516 9.673355 355.8462 350.7539 344.6831 343.1625 332.2717 327.315 330.3763 341.5651 347.125 348.6901 344.9696 341.4225 344.9105 347.3329 349.5438 328.775 320.5275 332.7097 349.0256 326.2008 205.292 164.7449 166.2716 163.7747 163.1045 156.6823 151.236 137.6768 133.2874 148.5232 136.5911 129.1737 81.8699
301.6189 287.3426 285.0184 284.4648 284.5775 282.5653 278.0887 282.0527 285.63 276.1259 245.5835 227.5692 217.875 238.6168 236.6086 213.7711 203.656 196.9939 208.3179 231.2513 251.565 283.5974 303.2955 312.0962 318.8858 349.8691 11.57126 18.54577 16.38954 20.82089 16.67502 5.021461 354.8461 356.0698 355.9651 348.1901 336.6258 332.418 333.6669 347.0574 356.364 357.7688 345.7454 329.6567 323.6913 335.9023 1.468801 341.4622 317.8734 334.946 38.36749 129.9427 152.3393 163.94 164.0912 160.1448 161.1109 155.3632 151.2261 143.7764 135.5907 152.6223 149.5002 157.4794 215.5377
290.7837 282.3665 280.4229 278.5397 276.736 273.2572 268.0251 253.4184 234.5742 212.7304 196.8948 200.0355 195.473 200.8595 204.2182 195.7461 200.3764 207.5624 220.5328 235.4576 235.9067 245.6444 256.569 270.3255 288.4349 328.2849 9.117863 27.16275 25.06746 18.01977 7.022794 2.540468 354.3089 356.2643 0.1942222 349.992 337.4652 335.2542 340.6806 351.5651 7.19347 10.35905 357.3102 335.6955 283.0358 300.6186 0.2879161 353.6598 210.6186 168.4893 166.0922 152.5583 151.2849 163.9753 166.414 160.9023 161.565 158.1228 151.9661 149.9103 144.9777 161.565 164.9315 184.8991 235.8855
281.3099 278.5358 276.7098 274.1528 270.1929 262.197 254.7903 226.3245 211.1127 211.6897 205.821 211.7151 207.6368 203.2283 202.9855 203.4287 217.001 225.4078 234.9506 246.8307 245.1599 246.7688 246.5822 252.3965 267.1712 301.8275 351.6987 27.88029 24.0544 15.91807 2.946447 0.4006633 356.4237 356.0761 355.9282 345.6064 339.8741 329.4798 341.5651 22.67134 358.1524 21.09795 70.58852 141.1702 243.2458 229.2958 168.7565 170.9542 166.52 161.7346 164.669 147.0823 145.2903 160.641 166.8377 164.5052 163.5728 161.565 156.7271 158.1986 157.3801 173.6598 183.5763 212.4712 248.1986
277.7297 274.9652 273.1742 268.3457 258.7327 245.4389 241.4486 220.2852 221.0091 231.3223 215.2062 209.9014 207.1213 208.5544 213.3233 219.4382 235.1805 240.4436 247.5573 252.2949 242.203 236.8255 233.1967 237.875 244.108 254.2165 298.2127 18.63812 23.86265 19.08111 3.576334 0 357.417 354.4725 354.9576 340.641 340.7693 339.4986 331.9492 0.4476142 11.30993 61.80869 96.99193 120.564 210.7247 190.1198 167.8378 173.1136 166.8947 163.0725 164.9572 140.6717 137.1611 154.5583 163.6335 167.7141 168.6901 167.8114 164.6237 168.6901 176.4237 196.6992 220.2364 248.1986 264.8056
279.411 274.3139 269.3415 257.6192 241.2323 229.7356 233.9726 224.6528 224.5833 228.0631 216.4088 216.0582 215.3358 224.4073 231.4784 239.3133 253.8452 258.7518 258.8684 254.3578 241.3139 238.2521 237.133 240.8486 240.7602 239.9397 254.6339 325.9541 29.33184 22.0679 6.222622 3.814075 354.7029 353.3007 6.613461 354.1304 344.6499 345.8695 343.452 19.29005 102.1622 128.8656 134.7106 136.4232 166.0188 169.992 172.7718 176.5812 170.563 166.8142 166.8608 142.5564 136.0609 155.8209 164.6731 175.2364 180.8303 186.8428 190.008 200.2249 225 245.556 266.6335 281.3099 281.7683
281.6244 273.7978 263.3201 243.3645 228.202 223.2537 231.3402 227.1669 223.3582 227.4813 224.2956 229.1201 233.455 243.0042 246.9638 253.7458 264.7167 269.071 264.8367 260.7067 258.6901 261.3326 262.8945 264.0607 263.2478 260.099 261.3546 280.231 5.568342 17.91812 7.220722 6.309957 358.3017 0 11.7029 0.5906572 359.7408 318.5763 135 143.8714 151.7729 152.8044 160.6079 161.371 165.2665 167.149 175.8472 177.6217 176.6012 175.1957 173.7547 160.1719 150.7807 169.2611 177.7688 195.4222 202.249 209.9315 219.5597 239.0362 266.6335 293.1986 299.0546 309.6442 306.1582
283.0456 273.0587 257.7212 232.5564 222.7974 221.3861 230.6817 230.7252 231.5549 240.6056 241.5044 245.5879 247.0543 251.0442 254.0969 258.959 264.5858 266.5454 267.3805 267.2446 265.9922 268.8376 274.0325 279.7748 285.4254 286.1963 275.0071 279.7824 330.91 31.44432 15.78075 15.82615 15.20804 19.55825 10.00798 10.71312 64.50245 149.7436 126.6956 127.4937 145.6429 144.3925 146.1817 148.0244 155.8545 158.3712 171.7556 174.7099 178.1177 180.7364 179.6548 180.7252 187.8533 199.1336 199.44 222.8789 227.2906 237.2648 245.2249 256.4296 272.1211 293.9625 291.0375 298.0092 299.4072
276.2968 261.4411 238.1906 211.2509 206.4913 211.4232 226.4502 234.7049 241.372 249.4584 248.9869 249.511 250.3331 255.0897 258.336 260.7783 262.5042 261.3505 266.9516 274.3076 281.5048 290.0599 299.6045 298.4822 298.6171 307.2553 294.1688 276.2809 259.1699 57.72435 41.98721 80.77011 125.3112 148.9545 169.9275 166.7267 156.3139 158.9093 134.7278 127.3955 141.6271 142.4211 140.0058 143.0272 155.4434 157.8861 173.1252 179.4437 199.0108 228.2397 237.5288 253.7059 249.0755 230.9061 231.009 255.9638 268.1524 276.7098 284.9314 288.4349 291.5014 308.1572 305.9605 310.6013 313.0585
269.3097 256.0271 236.149 208.6105 204.9218 223.1352 242.6577 252.9187 258.449 261.5993 259.6337 258.0707 258.8453 262.1467 264.0531 265.0244 265.3177 263.9623 268.1245 274.6281 281.815 286.3657 293.6114 291.7139 288.2039 295.9534 295.3462 280.2269 260.0182 306.3045 55.27536 85.23636 112.3569 132.0981 154.3467 156.2013 157.6879 155.5361 138.9402 136.4188 142.4211 141.6271 134.618 136.9979 156.6932 167.1743 186.8748 201.7054 227.7481 244.3232 243.9704 248.5523 239.6209 232.4959 246.0375 270 281.3099 286.6992 300.0686 310.3645 319.0856 322.9696 317.386 323.7974 327.4649
274.5288 263.8036 260.7355 258.0707 270 270 266.7497 266.4297 267.2737 267.1376 264.5514 263.1731 262.8257 262.1976 259.3988 257.0459 254.3491 252.646 267.3162 281.9552 289.6041 289.0108 294.1455 288.2892 268.9584 248.7626 236.8972 219.5501 217.7042 210.4138 148.5359 112.0113 110.5038 126.4692 144.7899 145.357 154.3978 152.1822 140.2739 141.6167 139.8645 140.3293 134.2655 128.0023 142.0667 161.565 262.6942 270 265.8151 254.5007 226.273 232.125 243.435 257.5741 276.1155 291.6148 306.1194 303.959 311.4237 318.0128 325.7843 328.8286 315 320.6176 330.3215
