example/lemon_input/dav_aspect.txt
ncols         160
nrows         186
xllcorner     502310.48681151
yllcorner     6496008.1508163
cellsize      100
NODATA_value  -9999
[rows 29 to 57 of 186, columns 65 to 129 of 160]
165.8354 157.6083 159.4771 168.0412 174.5451 188.1585 192.9652 213.0349 218.4458 216.6448 209.0034 193.0213 193.1954 190.9023 194.3628 196.9275 197.6874 190.4576 142.9696 91.33222 69.22775 63.22761 57.14025 45.32834 41.4677 27.78088 42.39744 45.4244 59.22596 88.6096 95.73433 93.84026 91.40015 91.8522 96.16434 101.8921 105.0184 105.0042 107.6555 98.52313 42.75426 333.0042 317.0868 323.8629 314.8763 321.4568 328.7938 326.7633 324.7394 324.1229 340.2981 330.0815 326.3099 334.5072 339.9118 345.9249 336.848 331.5328 334.672 334.0344 331.1796 309.7213 295.9744 294.8339 315.4658
158.9225 147.8852 146.7147 163.3728 172.304 188.0047 194.7303 217.7892 221.0679 215.3018 207.7893 190.9896 192.8268 195.1293 202.1732 209.7206 205.0815 203.732 191.3803 132.9816 137.0008 131.6487 103.8349 80.35559 85.08344 107.9931 116.565 119.5625 118.393 114.2784 112.5572 105.7848 97.43141 94.84641 95.49359 98.55888 99.41563 96.67095 92.30288 72.10812 344.9536 328.1947 315.1544 325.2512 320.0148 321.1805 330.2726 335.4362 328.2022 314.0235 336.9911 325.9323 324.7099 327.308 331.1645 347.1815 339.8501 329.6458 328.0949 337.567 343.4548 322.6281 311.8408 309.0355 333.4349
157.1878 148.2742 145.7752 160.5005 171.5224 183.2122 189.2217 215.2322 217.3719 211.4894 205.8156 186.5307 186.4323 193.2628 203.8457 212.2518 206.8909 210.5836 204.3994 148.9861 141.7098 147.5288 150.3042 146.6779 131.8202 135.6139 130.8296 130.1396 125.3718 121.2572 120.7995 110.9811 100.8003 95.40379 91.90915 92.1858 90.38557 85.85017 67.33733 29.34608 338.6164 329.9103 316.7035 321.8428 320.3588 320.6441 324.6375 333.4077 350.4492 308.6598 277.5804 291.8235 306.4547 318.3325 326.4843 345.4325 342.0565 331.4666 320.607 335.556 355.1843 337.2419 324.4623 318.1681 336.0634
155.3892 145.0711 142.5276 156.4768 167.9791 178.8599 185.4846 210.5297 212.3165 208.54 202.9196 180.8172 180.34 192.8663 206.2485 214.177 209.6081 217.2348 216.7106 149.5254 138.5035 138.6186 137.9108 144.0524 135.5474 137.9464 132.5105 131.9872 125.5104 121.9708 125.1874 114.0557 102.1803 94.74138 89.29741 88.29865 83.82756 75.70704 37.87498 1.324522 334.8171 326.7882 316.1711 318.1425 313.0622 314.175 319.0555 329.7243 13.13924 7.087964 330.8901 291.9171 293.6084 309.0208 321.5652 342.5714 341.9081 336.5447 317.2186 322.7964 355.8641 353.5903 337.3619 338.4507 25.17754
154.3941 139.8596 137.6394 151.0908 162.3745 174.7814 181.7432 204.7751 208.6105 207.5918 202.4615 180.4137 180.5563 191.7291 204.7009 212.342 205.2047 219.6256 231.0457 147.0948 133.5057 133.0988 126.8699 131.5167 126.4806 129.7188 125.7314 129.4417 124.8933 120.8876 125.9097 114.6659 102.9163 97.00854 89.05193 84.15235 76.47235 66.55194 12.75753 345.8704 330.6319 323.0502 316.0521 324.9456 321.1427 316.9776 320.4829 331.4181 17.01729 23.78347 2.782006 302.5136 301.2572 313.7939 320.8348 339.3741 338.2618 339.5095 322.9815 313.1242 342.0083 1.822073 356.4845 20.7508 74.02493
154.4243 137.6527 134.6292 146.639 157.9128 171.1193 178.4257 198.6334 202.1539 206.9095 206.3089 182.7591 182.2815 189.6292 200.2146 213.1525 209.3369 233.4492 242.8046 153.335 130.0189 127.6878 124.2157 130.8591 125.4201 126.3911 125.6158 136.8231 137.5218 131.2139 138.1431 128.3087 112.3906 106.5753 90.08127 75.85538 57.14909 37.79242 355.1836 343.2108 336.7853 332.941 326.6572 332.7936 330.4455 326.7579 331.4284 340.0471 15.99936 21.16979 5.545317 326.5377 320.3687 333.1527 339.3657 348.4137 344.5724 343.4843 340.5023 320.5618 326.541 8.999251 30.68735 71.21409 96.46139
151.4053 136.0122 132.748 143.7088 155.7387 168.5378 177.1114 193.3368 197.7839 211.5091 212.5433 186.1242 183.4602 193.0553 202.4506 222.0604 228.7415 251.7613 253.3657 160.8664 126.2766 120.0686 118.6489 128.0346 127.5284 124.8299 114.7235 122.2179 127.7368 120.924 128.052 122.6484 108.2882 103.2245 90.31655 78.16988 58.78785 32.87899 341.4131 327.816 323.3528 320.0774 312.9697 318.7395 315.5509 313.0601 325.4915 340.6114 21.95875 21.58505 1.753405 316.1106 309.9293 327.7995 340.4229 349.3527 341.793 330.3763 339.1761 316.1109 299.304 42.68887 79.58791 92.23118 98.03304
158.8505 143.4889 140.9662 151.7984 160.9641 170.5762 178.1524 186.4698 190.2956 207.3803 208.1226 196.8868 198.7095 196.452 204.0265 225 229.3542 248.5484 249.8365 186.9272 122.4276 107.1167 111.0158 123.829 128.0317 129.8444 112.1127 110.7882 117.7785 117.0351 128.1252 129.599 118.7596 121.8957 115.4103 107.6452 89.52254 22.57957 326.3099 315.4407 312.5104 302.9247 287.1524 281.1429 275.5769 273.3665 279.1624 310.7185 9.436148 3.707503 355.2037 321.8428 310.89 326.6373 342.3308 350.8306 346.6175 332.8402 340.1593 326.0849 281.1241 113.0704 108.0343 107.5506 106.2688
150.5764 127.1998 126.5091 144.3069 155.5274 167.8763 177.1702 180.9844 185.9743 212.953 218.169 225 236.7208 210.4034 214.2157 241.8584 245.0715 257.3843 258.4263 231.4347 110.0261 94.4811 98.40651 106.8438 110.8545 117.9157 110.0561 110.4418 115.4464 115.3357 126.7593 130.9448 119.4488 121.3571 117.372 111.5713 85.23636 333.6623 318.496 311.706 315.8814 310.0446 290.7461 282.8477 275.7699 273.5035 277.696 295.9811 336.9574 342.048 346.0694 328.0066 323.6301 336.6942 347.5535 354.7928 353.0686 350.8322 353.7801 2.29061 218.6598 120.7674 115.3809 113.0062 110.556
158.1443 127.6024 118.0092 134.4907 152.4472 167.6753 174.9306 176.3381 184.6224 231.7536 247.3801 263.2569 282.7094 333.1992 343.2134 324.648 318.0273 291.7415 281.0772 288.6312 69.51965 85.73211 87.88867 90.64015 96.4416 104.2112 101.0564 99.37706 100.0543 101.7863 112.5531 124.3421 123.005 126.8454 120.7627 101.3099 296.3582 294.358 287.3933 283.8669 291.5953 300.277 296.7542 301.7969 292.0154 279.8565 272.3298 270.9262 279.211 292.249 307.197 296.6471 298.0056 309.1156 328.134 347.7672 351.1096 11.89345 33.98289 87.53188 117.6632 110.4882 104.9314 102.9946 101.9566
167.7177 145.8696 134.1095 145.2157 158.6542 170.6398 175.9366 181.6748 192.1491 237.2559 255.9638 272.2197 288.9681 325.3297 340.641 333.603 332.6594 310.7745 293.2881 299.9622 108.7587 97.68672 93.42837 95.03379 100.5873 111.3072 109.3978 108.189 107.0108 106.9519 119.7167 129.8467 131.3391 138.2079 141.7757 117.3156 291.8014 293.8187 292.9512 296.9036 309.0139 315.1332 314.3563 323.6831 320.9792 305.5663 290.6744 285.1621 289.359 295.4729 309.4901 294.3133 288.7117 286.7596 292.3354 313.7098 328.8737 68.07822 85.58013 103.3655 120.0294 117.9448 114.4986 113.1412 112.4926
163.4511 142.4146 131.724 136.9333 147.8905 167.5209 178.9292 207.3289 247.9887 274.7978 283.0258 284.7954 287.74 308.601 326.9761 322.7964 324.7872 312.16 291.3577 144.6197 137.1211 121.5222 110.3413 107.4549 103.0863 106.1519 105.6128 108.1038 107.5752 104.6702 112.2447 117.5907 116.8962 117.0812 112.1663 334.29 285.3556 290.671 293.4792 301.8049 319.1771 321.6667 315.6042 325.6273 334.7058 326.4793 311.4656 304.8065 299.5719 291.5131 299.2851 289.4593 286.129 284.5819 285.0124 284.5603 171.2292 126.4913 99.71574 97.60191 113.4468 119.6159 116.8698 114.1591 113.0913
162.9671 146.4271 139.5978 142.5947 148.5513 176.2245 200.2249 252.5881 279.5022 284.0363 288.3233 287.6705 287.8753 305.8918 326.4365 328.6231 328.7109 320.1685 264.0531 135 137.375 130.9448 122.3755 122.162 113.6505 112.4937 106.9681 108.8413 109.7637 107.4336 113.0968 115.9065 114.7981 110.9125 345.2564 322.7218 298.3834 302.6105 296.7675 297.8611 315.1816 326.5154 327.7389 335.5117 340.803 337.072 323.9726 315.7008 308.4509 297.9301 303.8182 290.3764 285.3232 286.7712 291.2108 348.9117 54.06285 69.75154 79.78312 88.99491 97.65684 104.8895 104.252 104.1163 106.9446
162.769 148.431 143.3721 148.1164 153.8432 222.4739 273.5448 285.1358 291.9296 287.9595 290.0443 289.192 289.1375 303.9235 321.5916 334.9683 343.3457 43.31532 147.308 135.507 137.0293 134.0088 127.1524 130.6974 125.5937 127.0705 114.3225 110.1858 106.9093 105.2133 110.2542 111.1332 109.0751 98.39292 304.796 313.9584 299.4308 299.5576 293.2536 292.5276 304.8395 317.0809 330.2134 348.0105 352.3467 347.2202 333.0497 322.5449 310.4622 300.2646 309.2437 297.4076 293.0285 291.069 292.6431 14.19855 79.39257 91.86262 92.13324 92.96094 99.13338 107.5256 103.8064 99.87476 103.9445
164.5517 152.7004 144.6009 153.435 236.7683 296.3999 305.2724 298.9264 301.8782 293.8387 294.9908 291.902 287.2512 294.7751 306.4692 347.7047 83.78436 121.3287 136.0759 137.368 137.9038 134.231 127.0565 131.0175 128.0048 133.1118 120.2662 112.396 103.4916 100.2908 102.3756 101.2445 97.26695 63.43495 294.0573 300.0184 291.6794 292.0523 289.2307 290.9502 300.0349 302.0634 308.8763 338.8338 6.88881 6.523161 335.9304 326.4854 310.2852 301.569 314.0491 301.9781 302.5796 297.0804 289.2307 78.56274 101.4271 115.7873 112.8045 102.1002 105.2551 119.2124 122.8249 108.7498 105.5809
167.6722 162.3393 150.6422 305.0738 315.4308 316.609 315.8425 305.454 310.7177 303.091 301.5153 294.2102 280.3202 271.6769 266.3478 126.0694 122.835 126.2717 133.3091 136.8345 138.3298 133.1458 121.3844 119.1975 119.5839 132.2298 123.9063 116.9958 104.7654 96.51009 89.13755 85.19205 80.31121 19.53666 288.8861 290.8024 287.2643 292.751 289.3191 284.7932 284.659 287.5432 288.6601 297.7976 8.378673 18.36698 347.2318 337.8645 329.6474 313.7885 317.5114 300.1484 297.7108 284.9501 257.1104 124.242 106.9519 108.435 114.5705 104.8289 96.2855 103.6875 126.73 124.6513 121.6384
171.8699 234.1624 318.1798 319.0078 319.34 326.0802 323.73 306.7217 310.8907 306.8156 302.9694 294.4698 277.518 260.4699 240.3154 147.2914 135.2292 129.7881 132.5105 132.1042 132.8068 127.5686 108.435 97.16531 100.5567 114.2744 111.8735 109.2307 100.9111 93.17416 83.3226 81.41337 75.06858 1.636577 288.6129 292.9457 289.1556 294.61 291.0536 281.6873 274.1687 275.6284 272.7155 256.7671 257.3998 17.48011 344.6098 323.7641 322.42 307.8381 299.8937 285.7512 279.888 261.6144 237.9946 120.6186 97.12502 92.19057 99.01933 97.05983 85.90761 87.96909 103.3454 112.4098 113.3788
347.3609 334.1336 328.6632 321.4675 321.5307 329.2208 326.7221 310.1741 310.2187 305.1435 301.1076 296.261 283.9363 268.0251 229.2142 146.9395 138.5215 127.5595 125.796 118.764 110.3764 97.54942 76.32869 71.14299 69.35953 51.59161 55.79545 64.71429 76.98872 78.55895 77.25797 81.20946 73.75712 344.2488 287.1835 292.8645 288.2316 290.1363 287.7769 279.1922 270.0899 264.716 252.2606 234.1488 217.7504 197.9829 208.964 225 225.9656 236.3099 241.5295 252.8442 249.8293 245.5982 246.562 102.1886 82.30395 83.01894 86.18593 86.45315 86.312 88.41286 92.82396 96.73164 96.1524
351.8115 347.9052 344.8853 338.6225 335.5699 340.1679 332.3684 314.2826 312.083 302.9234 296.6974 294.405 287.3163 274.5739 202.9769 134.6952 127.0565 109.1336 98.68253 84.69267 69.9343 54.54913 50.98495 56.0989 53.45982 32.38637 36.82187 40.82635 54.0174 57.88924 61.09367 72.08863 64.04123 343.6105 279.7276 278.5609 277.6485 279.3882 276.5383 265.7206 255.4799 248.3607 222.2158 207.5342 207.1364 203.6821 211.6755 218.3046 222.5918 224.2152 218.1788 235.9197 233.8993 232.2243 236.5674 165.5792 49.64797 67.45014 76.19724 76.10168 76.45082 80.43485 80.47326 82.35201 86.2967
349.8509 346.1004 345.1865 342.7234 339.2021 343.5113 334.734 313.741 311.4525 301.8046 292.9489 287.8282 284.1781 288.1837 117.0309 103.4558 83.85337 57.06488 37.91671 41.08586 42.58534 39.65694 43.70783 51.11551 54.54038 38.00808 43.04749 41.73984 50.5752 50.32481 55.14079 67.38013 60.8558 5.906141 271.3972 260.7761 264.6028 265.7206 260.2241 250.0449 239.8826 233.075 208.3612 201.8431 209.6088 210.5406 218.4749 220.6173 217.4674 218.1944 212.118 240.0428 250.6202 251.6929 244.5159 250.821 342.4076 58.91096 68.81257 67.02306 69.16833 72.60339 63.26693 64.18324 75.14139
342.4928 336.1758 336.3959 337.1184 335.6514 341.7384 330.3763 310.2364 308.7639 300.5476 292.6747 286.1134 281.2473 302.2213 13.94059 21.84308 12.00778 11.369 13.77669 19.39471 14.3918 17.65458 19.52964 21.87014 30.20624 20.36988 32.59579 42.32457 55.10357 55.13364 58.10637 65.24435 59.43206 35.665 267.4471 243.7031 248.035 240.8386 230.6262 227.666 216.7142 213.1707 199.1239 197.4003 206.8698 208.2509 213.2875 214.1375 216.6394 227.8734 231.6913 258.5521 262.0825 257.8763 257.4424 265.1301 281.7934 66.20282 61.78661 46.29314 50.62124 62.31992 59.33665 69.88998 81.7318
339.5872 331.3595 332.4279 334.641 335.2565 344.0064 328.0652 308.2438 304.5258 294.8205 290.1926 287.615 286.5571 307.3596 339.3123 358.4378 2.450853 8.642802 13.49573 14.33811 12.73965 27.34988 29.55368 28.99898 36.01726 21.01582 46.19705 60.92167 71.94958 75.49025 74.29412 76.58865 74.51963 65.90798 265.7321 240.4222 247.2728 241.0585 239.5122 239.0362 219.8056 216.5359 205.7256 207.8729 222.6847 224.4945 229.7079 231.2391 241.336 256.2079 268.0098 270.3487 262.9087 258.3233 268.6141 274.98 269.4213 84.61069 66.19792 47.95794 59.71394 72.45517 74.41106 82.7468 87.59403
345.5259 333.7713 332.8664 335.8024 333.6579 342.0425 333.3848 331.7849 334.8446 312.8591 316.4214 324.6052 330.1492 338.5037 340.5651 353.6598 3.255518 14.41461 15.91319 19.17368 26.6373 38.75809 34.45612 27.18781 27.22234 13.56225 35.51582 39.027 45.10976 53.8549 67.41889 79.48013 77.95607 68.9196 323.9726 259.7559 254.034 243.693 243.0835 240.4734 223.0549 230.1312 230.7106 239.3003 244.9831 235.008 243.8101 256.1225 263.0928 250.3658 205.803 218.9018 214.5686 213.4908 220.4784 231.7098 226.9749 134.4154 130.1819 131.0333 110.0561 96.14867 90.26815 90.34585 92.96526
346.4717 324.1142 321.1886 324.985 314.3669 320.4923 312.7576 330.3062 355.1696 302.6398 303.6414 315.9772 326.5659 338.1382 338.7429 354.629 15.74204 29.81416 26.39503 35.77608 38.81707 33.50344 29.11444 22.01701 20.31417 11.16488 30.657 36.00875 50.18541 59.72801 71.20863 80.16803 78.57393 74.02321 36.02737 249.9048 245.3678 233.2858 242.4893 243.1256 228.7102 234.5316 235.3048 240.8025 241.6992 237.6804 253.426 258.2955 237.3595 200.1401 192.7243 246.215 273.8451 291.8718 296.6633 293.0941 198.0042 141.4064 138.7351 141.856 125.5614 104.399 96.85042 94.18227 96.80132
349.1436 337.074 336.2771 338.4121 322.2429 328.1817 323.7462 336.4236 357.0166 328.3877 316.7357 318.5895 329.4703 350.5933 353.0634 5.785555 31.13897 39.35538 30.879 39.95755 39.94275 31.98565 30.26968 21.7323 18.00416 13.83605 44.23355 56.00354 66.67328 64.55825 67.47943 73.44293 69.85277 65.90557 41.36705 345.4655 262.9835 248.3768 251.0585 241.7843 228.2397 240.3468 247.8221 257.9052 269.6463 280.2893 274.7733 264.457 253.1344 292.1355 310.7823 306.1028 321.9717 333.462 333.2565 22.86451 118.2374 132.1042 125.2382 126.3521 118.4088 106.8096 109.1981 101.5129 99.02154
348.298 345.4142 346.2585 346.5618 323.0429 326.5775 336.643 340.1568 349.5173 338.9236 332.1141 329.6275 340.4402 10.75715 14.9008 15.05647 21.7688 26.56505 18.87738 22.63173 24.88741 23.62169 21.98363 10.16852 6.098212 10.24409 39.84337 47.72631 56.107 54.79621 59.73946 64.57458 58.9886 57.23254 43.46223 25.20112 274.5378 235.1621 239.1966 228.6291 225.5907 235.9934 236.5834 243.435 255.534 260.0297 259.3563 262.6942 287.0818 318.762 314.1378 303.7162 314.0745 332.2037 165.3236 128.5341 126.7068 132.0892 122.4712 120.9064 115.306 107.7382 113.069 105.0159 99.50436
342.626 338.1091 341.9555 338.363 315.6767 314.6909 327.2005 331.8133 344.8828 335.7695 331.7365 334.4887 346.2597 37.26263 42.16789 33.0329 30.7189 35.43332 28.23339 23.19859 27.85722 35.61644 32.73523 9.162347 8.471145 33.69007 70.60219 70.85186 72.84519 73.60037 74.73302 73.38763 66.21587 62.10273 51.85247 40.55876 349.439 295.1448 258.3475 244.9831 244.3301 246.5083 240.3531 240.9217 247.0362 246.0083 255.0767 265.8998 278.4235 290.8978 285.4965 275.7106 268.9413 139.6859 133.7811 128.3131 126.7507 132.3246 123.087 121.5043 113.3109 106.3895 113.8602 107.4969 98.80513
346.8908 336.8391 340.2729 328.755 315.2649 322.125 333.3507 338.6095 350.9285 337.0812 327.2005 344.8956 4.55995 50.81563 52.98011 40.68937 35.24203 37.96206 31.5904 20.58926 24.1142 41.09951 39.73035 22.71441 67.53325 108.7832 101.6894 94.17791 88.33167 86.09735 85.22398 82.99454 73.80612 63.3155 53.86953 46.95251 15.55457 349.0772 270 248.8059 248.7317 249.8191 244.4313 244.9977 250.7505 250.4633 259.0929 263.2021 269.076 282.7712 279.1624 252.5176 225.6837 164.5998 131.8348 116.1906 116.0073 123.5729 120.7316 123.9407 115.051 105.5276 112.6199 110.1258 98.40253
347.7352 336.2691 337.7855 323.497 304.2157 311.5356 329.1731 343.4722 353.8036 313.6096 261.2886 183.2155 159.7024 93.91158 63.57573 44.48845 36.17962 35.31121 30.78881 22.97272 26.01678 53.53077 60.42216 80.83765 113.2461 130.5635 119.2734 114.0987 105.2551 101.6141 96.07912 89.93314 79.05477 63.80579 56.92932 52.21135 30.7189 18.43495 291.1941 263.5006 257.1329 254.0412 248.2401 248.3521 254.2944 255.9333 263.2233 264.8232 259.6747 252.2336 247.4117 265.2139 263.3675 164.4454 118.9264 100.9482 104.4413 112.7633 114.6535 125.9189 123.4952 108.807 109.584 107.0965 94.1135
